#agb 122951000 10 1 0

$date 20070801
$interval 10
$var time msec
$var ax short
$var ay short
$var az short
$var gx short
$var gy short
$var gz short

$data
44991000,-12,12,1020,73,-12,45
44991010,-10,12,1026,73,-12,45
44991020,-6,13,1028,73,-12,45
44991030,-13,12,1020,73,-12,45
44991040,-9,10,1019,73,-12,45
44991050,-10,16,1019,73,-12,45
44991060,-6,16,1026,73,-28,45
44991070,-6,15,1028,90,-12,90
44991080,-10,10,1017,73,-12,45
44991090,-10,9,1023,90,-12,45
44991100,-10,9,1022,73,-12,45
44991110,-3,12,1026,73,-12,45
44991120,0,13,1023,73,-12,45
44991130,-6,12,1020,90,-12,45
44991140,-7,12,1022,73,-12,90
44991150,-9,10,1022,73,-12,45
44991160,-10,15,1020,73,-28,0
44991170,-4,13,1023,73,-28,45
44991180,-6,9,1025,73,-28,90
44991190,-3,12,1017,73,-28,45
44991200,-9,10,1020,90,-12,45
44991210,-9,13,1025,73,-28,0
44991220,-9,15,1023,73,-12,45
44991230,-9,15,1020,73,-28,0
44991240,-9,12,1020,90,-12,45
44991250,-9,12,1019,73,-12,0
44991260,-7,12,1026,73,-12,45
44991270,-7,15,1025,73,-12,0
44991280,-12,10,1022,90,-12,45
44991290,-9,10,1017,73,-12,45
44991300,-9,10,1020,73,-12,90
44991310,-10,13,1028,57,-28,0
44991320,-10,10,1025,73,-12,45
44991330,-7,12,1023,73,-44,0
44991340,-6,10,1017,73,-12,45
44991350,-9,10,1022,73,-28,90
44991360,-7,10,1026,73,-12,45
44991370,-9,12,1023,73,-28,45
44991380,-9,13,1019,90,-12,45
44991390,-9,12,1028,73,-12,45
44991400,-7,4,1022,106,-28,45
44991410,-93,31,1017,106,-61,362
44991420,-22,10,963,172,-159,497
44991430,2,31,1010,222,-191,452
44991440,-4,34,1031,40,20,452
44991450,11,15,972,-74,134,497
44991460,18,0,1026,7,85,362
44991470,2,22,1014,73,-12,226
44991480,12,16,1014,90,-44,45
44991490,5,21,1016,57,20,45
44991500,-4,12,1022,40,4,0
44991510,-12,9,1025,73,4,0
44991520,3,18,1017,73,-28,45
44991530,-7,13,1023,73,-28,45
44991540,0,12,1020,90,-28,0
44991550,-10,13,1020,73,-12,45
44991560,-12,13,1023,73,-28,0
44991570,-12,12,1025,73,-28,45
44991580,-9,12,1022,73,-12,45
44991590,-9,9,1019,73,-12,45
44991600,-12,13,1020,73,-12,0
44991610,-10,9,1022,73,-28,45
44991620,-10,12,1025,73,-28,45
44991630,-9,12,1020,73,-12,45
44991640,-4,9,1022,90,-12,45
44991650,-6,9,1020,57,-28,45
44991660,-7,7,1026,73,-28,45
44991670,-3,16,1031,73,-12,45
44991680,-10,13,1026,73,-12,45
44991690,-12,9,1014,57,-28,45
44991700,-15,13,1023,73,-28,45
44991710,-9,13,1022,73,-12,45
44991720,-9,10,1023,73,-28,45
44991730,-15,15,1022,73,-12,90
44991740,-9,15,1014,73,-28,45
44991750,-10,9,1022,73,-12,90
44991760,-6,12,1022,73,-28,45
44991770,-12,16,1025,73,-28,45
44991780,-9,10,1023,73,-12,45
44991790,-10,10,1017,73,-28,45
44991800,-6,7,1017,73,-12,45
44991810,-12,7,1023,73,-12,45
44991820,-7,12,1025,57,-28,0
44991830,-1,16,1019,73,-12,45
44991840,-10,10,1019,57,-28,0
44991850,-12,10,1017,73,-12,90
44991860,-15,10,1023,73,-28,0
44991870,-7,10,1026,73,-12,90
44991880,-4,13,1019,90,-12,45
44991890,-7,12,1011,73,-28,90
44991900,-10,10,1022,90,-12,45
44991910,-12,9,1022,73,-28,90
44991920,-7,12,1020,90,-12,0
44991930,-10,13,1019,73,-28,45
44991940,-10,12,1020,90,-12,45
44991950,-7,12,1022,57,-28,0
44991960,-7,10,1028,90,-12,45
44991970,-7,13,1023,90,4,90
44991980,-3,13,1022,90,-12,90
44991990,-9,7,1016,73,-12,90
44992000,-13,6,1019,73,-12,45
44992010,-12,9,1031,73,-28,45
44992020,-7,7,1026,73,-28,45
44992030,-22,4,1020,73,-12,45
44992040,2,0,1017,73,-12,90
44992050,-12,10,1014,73,-12,45
44992060,-7,13,1028,73,-28,0
44992070,-7,12,1020,73,-12,45
44992080,-6,9,1017,73,-28,0
44992090,-9,13,1019,73,-28,45
44992100,-6,15,1025,73,-12,45
44992110,-10,9,1020,73,-28,90
44992120,2,19,1025,73,-28,0
44992130,-9,12,1019,73,-28,45
44992140,-4,15,1017,73,-12,45
44992150,-7,12,1028,90,-12,45
44992160,-6,12,1023,73,-12,0
44992170,-4,9,1022,73,-12,45
44992180,-10,15,1022,90,-12,45
44992190,-1,13,1022,73,-12,45
44992200,-10,12,1020,73,-28,45
44992210,-4,9,1028,90,-12,0
44992220,-10,9,1013,73,-12,-45
44992230,3,10,1017,73,-12,-45
44992240,-4,15,1023,57,-28,-90
44992250,-13,9,1023,73,-12,-45
44992260,-13,-5,1020,73,-12,-45
44992270,-7,13,1026,90,-12,-90
44992280,-12,16,1005,73,-12,-135
44992290,21,6,1031,57,-28,-181
44992300,17,4,1016,73,-28,-135
44992310,-15,13,996,90,-12,-90
44992320,-45,13,1058,106,-44,-226
44992330,36,10,1016,90,-28,-135
44992340,-36,21,990,123,-61,-135
44992350,-27,21,1008,106,-44,-90
44992360,-6,7,1037,123,-77,-181
44992370,-3,15,1035,139,-77,-181
44992380,-1,7,1023,123,-77,-181
44992390,-13,19,1023,172,-28,-135
44992400,5,21,1020,156,-12,-135
44992410,-13,27,1028,189,-28,-135
44992420,5,28,1025,189,-12,-90
44992430,14,33,1022,205,-12,-271
44992440,-13,46,1016,254,-12,-316
44992450,-19,40,1023,254,20,-316
44992460,-18,36,1019,271,69,-316
44992470,-16,31,1023,222,69,-271
44992480,-10,30,1028,205,69,-226
44992490,-18,34,1049,189,85,-226
44992500,-15,33,1043,106,150,-181
44992510,-22,40,1031,73,216,-181
44992520,-22,34,1019,73,232,-181
44992530,-19,36,1014,73,216,-135
44992540,-21,36,1011,57,183,-135
44992550,-27,37,1016,73,150,-135
44992560,-40,40,1023,57,134,-135
44992570,-33,34,1028,57,150,0
44992580,-45,31,1019,57,134,-90
44992590,-45,31,1013,57,150,-45
44992600,-51,34,1010,57,118,-45
44992610,-49,28,1014,57,85,-45
44992620,-55,31,1017,73,69,-45
44992630,-61,36,1025,73,69,-45
44992640,-58,36,1025,73,85,0
44992650,-63,36,1016,73,101,0
44992660,-60,39,1017,73,101,-45
44992670,-60,36,1017,90,69,-45
44992680,-64,31,1025,90,69,0
44992690,-67,37,1023,73,85,0
44992700,-64,33,1022,73,101,0
44992710,-64,36,1023,73,118,0
44992720,-70,36,1020,73,118,45
44992730,-70,37,1013,90,85,0
44992740,-73,36,1011,90,52,0
44992750,-76,40,1014,90,36,45
44992760,-82,39,1020,73,36,45
44992770,-87,36,1028,73,36,0
44992780,-81,37,1022,57,52,45
44992790,-79,36,1013,73,36,0
44992800,-78,36,1013,57,20,45
44992810,-81,34,1016,73,4,0
44992820,-82,39,1022,57,-12,-45
44992830,-79,31,1026,73,4,0
44992840,-85,36,1028,57,4,0
44992850,-85,34,1017,57,36,45
44992860,-85,28,1016,73,4,-45
44992870,-91,31,1016,73,4,90
44992880,-90,31,1014,90,-12,45
44992890,-88,34,1023,90,-28,45
44992900,-88,36,1023,90,20,45
44992910,-97,39,1011,73,4,45
44992920,-87,28,1025,90,20,45
44992930,-82,31,1019,90,36,45
44992940,-90,33,1016,90,20,45
44992950,-88,40,1017,90,4,45
44992960,-93,42,1032,73,20,45
44992970,-87,36,1022,90,52,90
44992980,-93,36,1020,90,36,0
44992990,-90,37,1017,90,52,45
44993000,-96,37,1017,73,36,45
44993010,-96,37,1017,73,20,45
44993020,-91,36,1025,73,36,45
44993030,-103,39,1032,57,69,45
44993040,-99,36,1019,57,101,45
44993050,-108,31,1011,73,101,45
44993060,-109,30,1013,73,85,45
44993070,-109,34,1011,57,52,45
44993080,-112,34,1013,73,20,45
44993090,-111,31,1017,73,20,0
44993100,-115,30,1034,73,36,45
44993110,-103,33,1032,73,85,45
44993120,-112,37,1016,90,118,45
44993130,-112,30,1008,73,101,45
44993140,-117,34,1004,90,69,0
44993150,-120,34,1011,90,36,45
44993160,-126,33,1022,90,36,45
44993170,-121,36,1023,57,36,0
44993180,-124,34,1019,73,52,0
44993190,-124,34,1016,73,52,45
44993200,-129,37,1011,73,69,0
44993210,-129,31,1014,73,52,0
44993220,-133,42,1010,90,52,45
44993230,-126,37,1019,90,36,-45
44993240,-127,30,1023,90,52,0
44993250,-132,39,1019,57,69,-45
44993260,-136,28,1011,73,69,0
44993270,-138,33,1023,73,69,0
44993280,-136,30,1017,73,101,0
44993290,-136,34,1014,73,118,0
44993300,-139,37,1011,90,118,0
44993310,-139,33,1011,90,101,0
44993320,-142,33,1004,90,52,45
44993330,-145,30,1008,90,36,0
44993340,-151,33,1014,90,20,45
44993350,-150,33,1020,73,20,45
44993360,-150,31,1023,73,69,45
44993370,-148,34,1016,90,101,0
44993380,-156,31,1008,90,85,0
44993390,-153,36,1004,106,85,0
44993400,-156,39,1005,90,52,0
44993410,-162,36,1016,106,52,0
44993420,-166,33,1020,90,52,0
44993430,-165,34,1020,106,101,-45
44993440,-162,37,1010,73,101,0
44993450,-154,34,1004,73,85,0
44993460,-159,28,1014,73,52,45
44993470,-166,33,1008,90,52,0
44993480,-168,34,1008,90,36,0
44993490,-169,37,1013,73,36,45
44993500,-169,31,1013,90,69,45
44993510,-172,33,1005,73,52,0
44993520,-174,36,1008,90,36,45
44993530,-174,31,1011,90,36,0
44993540,-175,36,1008,90,36,45
44993550,-174,36,1010,73,36,45
44993560,-177,39,1011,90,36,45
44993570,-180,37,1010,73,36,0
44993580,-180,34,1005,73,36,0
44993590,-178,37,1005,90,20,45
44993600,-175,36,1013,90,20,0
44993610,-177,39,1013,90,20,0
44993620,-181,34,1010,90,4,0
44993630,-183,36,1013,73,4,0
44993640,-183,36,1013,73,4,0
44993650,-181,37,1017,73,20,0
44993660,-184,40,1011,73,20,0
44993670,-184,37,1013,73,20,0
44993680,-187,36,999,73,20,0
44993690,-187,37,1005,73,4,0
44993700,-189,36,1010,73,4,0
44993710,-193,33,1010,73,4,0
44993720,-184,31,1005,73,-12,0
44993730,-184,33,1011,73,-12,0
44993740,-189,36,1010,73,-12,45
44993750,-183,39,1014,73,-12,0
44993760,-186,37,1014,90,-12,45
44993770,-189,31,1005,90,-12,0
44993780,-189,36,1010,90,-28,45
44993790,-193,33,1005,106,-28,0
44993800,-196,42,1002,123,-28,0
44993810,-186,39,995,106,-44,-45
44993820,-183,36,1001,139,-110,-45
44993830,-177,40,1005,172,-142,-90
44993840,-180,49,1014,189,-159,-90
44993850,-177,48,1004,238,-175,-135
44993860,-178,52,1004,238,-191,-181
44993870,-184,54,1005,222,-208,-135
44993880,-181,57,1001,238,-208,-226
44993890,-115,48,974,238,-175,-271
44993900,-151,43,1065,123,-175,-316
44993910,-133,51,1026,271,-224,-316
44993920,-121,52,1031,205,-224,-407
44993930,-135,66,1031,222,-240,-543
44993940,-150,61,1038,222,-289,-633
44993950,-163,78,1038,238,-305,-543
44993960,-177,97,1056,238,-224,-407
44993970,-189,112,1047,287,-110,-271
44993980,-216,75,1122,320,-28,-271
44993990,-208,70,1169,304,-77,-226
44994000,-166,75,1179,238,-224,-226
44994010,-106,66,1194,189,-371,-407
44994020,-61,76,1152,139,-289,-497
44994030,-54,49,1172,156,-126,-452
44994040,-69,55,1290,189,-28,-452
44994050,-87,54,1403,139,-28,-362
44994060,-60,28,1506,106,-61,-271
44994070,-82,84,1566,7,-175,-226
44994080,-123,121,1575,-140,-224,-181
44994090,-72,118,1637,-189,-142,-90
44994100,-12,105,1784,-239,36,0
44994110,-21,93,1995,-288,167,45
44994120,-63,81,2014,-453,101,135
44994130,-21,93,2014,-782,-208,90
44994140,27,100,2014,-1063,-452,90
44994150,56,114,2014,-1293,-485,90
44994160,83,130,2014,-1491,-436,135
44994170,116,139,2014,-1656,-403,181
44994180,212,141,1878,-1787,-289,226
44994190,263,126,1701,-1787,-93,226
44994200,270,111,1607,-1722,52,316
44994210,291,90,1476,-1656,216,407
44994220,365,37,1182,-1408,689,543
44994230,297,-5,1244,-1277,1357,724
44994240,227,6,1208,-1441,1553,724
44994250,183,3,1070,-1408,1357,769
44994260,137,6,876,-1441,1194,724
44994270,50,25,683,-1425,1145,678
44994280,-60,25,503,-1491,1162,678
44994290,-165,27,239,-1573,1227,678
44994300,-253,18,56,-1590,1292,633
44994310,-334,1,-114,-1507,1210,588
44994320,-382,-27,-261,-1408,1113,543
44994330,-412,-69,-367,-1310,1047,407
44994340,-421,-102,-516,-1145,982,407
44994350,-333,-207,-589,-931,884,271
44994360,-342,-260,-708,-733,754,226
44994370,-280,-333,-814,-502,672,271
44994380,-235,-390,-868,-288,574,271
44994390,-150,-440,-948,40,313,226
44994400,-120,-429,-991,287,167,271
44994410,-84,-455,-1114,666,118,271
44994420,-105,-396,-957,963,-77,226
44994430,-30,-402,-940,1210,-501,90
44994440,-15,-377,-871,1556,-811,135
44994450,23,-327,-649,1704,-566,407
44994460,53,-218,-471,1820,-615,633
44994470,78,-120,-283,1918,-762,769
44994480,53,-47,36,2100,-746,950
44994490,-69,126,356,2083,-795,814
44994500,-511,231,398,2413,-811,1176
44994510,-397,342,900,2133,-436,905
44994520,-417,466,1406,2429,-371,950
44994530,-496,540,2014,2380,-208,905
44994540,-784,597,2014,2133,-208,905
44994550,-1350,568,2014,1902,-468,1221
44994560,-1404,696,2014,1111,-485,588
44994570,-1543,739,2014,979,-403,362
44994580,-1458,669,2014,485,-191,90
44994590,-1327,583,2014,7,4,-181
44994600,-1192,511,2014,-453,216,-362
44994610,-1014,454,2014,-815,264,-497
44994620,-778,402,2014,-1161,264,-633
44994630,-558,378,2014,-1458,232,-633
44994640,-349,363,2014,-1771,264,-678
44994650,-201,349,2014,-2002,313,-724
44994660,-118,330,1899,-2199,444,-724
44994670,-100,316,1518,-2381,509,-724
44994680,-127,298,1136,-2529,525,-769
44994690,-150,279,764,-2595,558,-769
44994700,-172,259,444,-2628,672,-814
44994710,-147,220,192,-2595,754,-814
44994720,-129,157,-13,-2578,852,-814
44994730,-129,84,-130,-2562,884,-814
44994740,-148,25,-292,-2562,786,-769
44994750,-54,-66,-463,-2529,737,-769
44994760,-21,-150,-709,-2446,754,-769
44994770,44,-269,-886,-2282,786,-769
44994780,173,-384,-1081,-2133,819,-678
44994790,330,-491,-1336,-1919,819,-588
44994800,468,-591,-1596,-1623,754,-362
44994810,591,-662,-1867,-1194,558,-226
44994820,629,-710,-2081,-651,248,0
44994830,635,-684,-2081,40,52,407
44994840,596,-644,-2081,848,-142,769
44994850,522,-488,-2081,1688,-485,1086
44994860,519,-317,-1996,2429,-860,1312
44994870,392,-53,-1842,3121,-1219,1538
44994880,150,289,-1605,3813,-1300,1674
44994890,-114,657,-1122,4472,-1039,1855
44994900,-508,999,-139,4917,-517,1764
44994910,-853,1246,1071,4917,330,1764
44994920,-1410,1257,2014,4522,640,1448
44994930,-1843,1156,2014,3780,770,1040
44994940,-2075,1305,2014,3286,607,769
44994950,-1983,967,2014,2248,770,271
44994960,-1881,897,2014,1803,623,0
44994970,-1717,903,2014,1638,-159,-181
44994980,-2032,699,2014,485,-452,-362
44994990,-2022,628,2014,-288,-762,-497
44995000,-1827,552,2014,-1095,-1072,-814
44995010,-1542,529,2014,-2002,-1251,-1131
44995020,-1228,528,2014,-2726,-1219,-1221
44995030,-921,556,2014,-3254,-1039,-1402
44995040,-607,552,2012,-3534,-713,-1538
44995050,-378,556,1544,-3699,-305,-1583
44995060,-162,546,1215,-3830,85,-1583
44995070,21,531,894,-3962,313,-1583
44995080,86,495,363,-4044,672,-1493
44995090,143,411,89,-3995,1015,-1493
44995100,162,342,-337,-3929,1129,-1402
44995110,218,220,-717,-3797,1145,-1312
44995120,348,129,-990,-3567,1178,-1267
44995130,494,4,-1375,-3418,1113,-1086
44995140,786,-120,-1876,-3188,1064,-905
44995150,1028,-320,-2081,-2759,884,-588
44995160,1236,-536,-2081,-2232,574,-181
44995170,1317,-633,-2081,-1672,281,316
44995180,1208,-648,-2081,-717,-485,588
44995190,810,-537,-2081,205,-1480,814
44995200,467,-254,-2081,1375,-1936,905
44995210,216,73,-2081,2380,-2067,1040
44995220,188,342,-1740,3467,-2833,1131
44995230,27,502,-541,3467,-3062,1040
44995240,-406,652,156,3088,-2931,995
44995250,-711,708,875,2792,-3013,724
44995260,-909,558,1236,2297,-3290,135
44995270,-900,390,1395,1836,-3225,-452
44995280,-583,142,1475,1441,-2817,-678
44995290,-75,-90,1980,996,-3111,-905
44995300,86,-284,2014,271,-4318,-1312
44995310,86,-446,2014,-634,-5932,-1810
44995320,131,-512,2012,-1376,-7041,-2262
44995330,402,-570,1530,-1985,-7433,-2670
44995340,780,-740,1122,-2183,-7139,-2760
44995350,1229,-852,848,-2183,-6797,-2579
44995360,1539,-972,792,-2315,-6487,-2308
44995370,1655,-1026,635,-2496,-6324,-1900
44995380,1586,-993,300,-2694,-6193,-1629
44995390,1415,-930,-48,-2891,-5900,-1357
44995400,1286,-908,-532,-2875,-5019,-1086
44995410,1130,-899,-591,-2595,-3796,-678
44995420,1085,-861,-691,-2315,-2654,-271
44995430,1046,-858,-724,-1903,-1480,90
44995440,696,-521,-553,-651,346,-271
44995450,948,-827,-106,139,1667,-362
44995460,933,-816,-205,304,2613,-271
44995470,794,-665,-75,815,3641,135
44995480,758,-584,32,419,3575,-226
44995490,1128,-960,56,-8,2499,-814
44995500,1268,-1071,-4,-156,1292,-724
44995510,1061,-900,-157,-189,-61,-452
44995520,1041,-765,-298,123,-713,-407
44995530,929,-746,-117,485,-762,-452
44995540,825,-711,-15,584,-1105,-407
44995550,872,-701,-33,617,-1186,-497
44995560,798,-704,204,617,-1007,-497
44995570,750,-678,312,502,-893,-452
44995580,717,-608,246,287,-713,-724
44995590,684,-533,114,156,-387,-905
44995600,755,-579,96,106,-175,-995
44995610,846,-606,-19,24,-224,-1131
44995620,866,-587,-48,7,-387,-1176
44995630,882,-594,-25,-58,-517,-1176
44995640,885,-576,54,-123,-501,-1086
44995650,773,-489,173,-239,-501,-859
44995660,582,-426,23,-140,-583,-633
44995670,644,-468,156,-25,-599,-543
44995680,804,-483,50,-206,-420,-452
44995690,870,-450,-60,-107,-28,-497
44995700,867,-435,-118,-123,199,-588
44995710,818,-434,6,-173,183,-588
44995720,861,-462,83,-420,-93,-452
44995730,872,-432,-87,-881,-517,-452
44995740,905,-423,-52,-486,-974,-543
44995750,995,-468,-82,-799,-1268,-633
44995760,924,-366,-366,-651,-1251,-588
44995770,942,-401,-217,-535,-1235,-588
44995780,944,-366,-220,-601,-1170,-452
44995790,897,-341,-141,-651,-1023,-497
44995800,842,-300,-249,-667,-1007,-588
44995810,902,-327,-240,-585,-958,-588
44995820,998,-300,-423,-815,-664,-497
44995830,929,-263,-429,-354,-305,-407
44995840,1014,-336,-291,-453,-289,-316
44995850,1043,-323,-249,-502,-354,-226
44995860,1040,-314,-279,-618,-403,-226
44995870,956,-231,-384,-469,-485,-316
44995880,905,-231,-280,-453,-648,-316
44995890,915,-219,-316,-552,-827,-90
44995900,920,-231,-345,-502,-827,-135
44995910,956,-257,-328,-453,-778,-135
44995920,1002,-258,-393,-552,-827,-181
44995930,977,-257,-474,-305,-876,-181
44995940,926,-227,-477,-239,-762,-181
44995950,902,-219,-525,-206,-615,-90
44995960,863,-164,-574,-58,-468,45
44995970,890,-222,-525,-8,-371,181
44995980,893,-287,-411,-25,-420,135
44995990,923,-261,-339,-288,-664,90
44996000,932,-252,-345,-535,-1007,-45
44996010,849,-242,-493,-684,-1284,-90
44996020,869,-123,-516,-832,-1480,0
44996030,834,-123,-588,-1013,-1463,45
44996040,797,-83,-757,-1211,-1414,-407
44996050,810,-71,-697,-832,-1317,-407
44996060,795,-2,-736,-354,-1300,-678
44996070,767,27,-742,123,-1333,-950
44996080,878,73,-633,1128,-1985,-1221
44996090,819,-264,-639,996,-2181,-724
44996100,791,-170,-771,337,-1757,-497
44996110,675,-51,-849,-156,-1219,-452
44996120,734,-89,-811,-206,-1137,-181
44996130,722,-219,-769,7,-1382,0
44996140,744,-245,-835,156,-1496,543
44996150,603,-11,-870,419,-1724,814
44996160,453,-185,-826,963,-2197,633
44996170,432,-299,-879,1227,-2360,497
44996180,405,-278,-879,1161,-1871,316
44996190,447,-338,-832,1078,-1284,181
44996200,455,-330,-847,996,-795,316
44996210,441,-294,-817,864,-566,362
44996220,456,-318,-787,699,-468,407
44996230,500,-399,-817,683,-485,316
44996240,518,-353,-873,584,-354,90
44996250,494,-288,-802,304,-142,226
44996260,383,-365,-747,156,36,407
44996270,326,-453,-709,-222,313,407
44996280,371,-381,-738,-947,770,135
44996290,387,-209,-976,-1474,1096,45
44996300,416,-180,-1156,-931,998,226
44996310,383,-153,-1200,-123,1031,316
44996320,431,-314,-892,485,933,316
44996330,476,-327,-835,139,982,181
44996340,521,-308,-760,-156,1015,-45
44996350,636,-294,-858,-453,1145,-271
44996360,647,-246,-849,-469,1374,-633
44996370,615,-137,-870,-371,1406,-1040
44996380,687,-270,-855,-420,1520,-995
44996390,731,-240,-838,-502,1602,-724
44996400,777,-219,-855,-387,1667,-407
44996410,773,-207,-765,-404,1863,-181
44996420,824,-167,-745,-502,2205,-181
44996430,852,-128,-660,-519,2499,-407
44996440,837,-236,-616,-684,2711,-633
44996450,920,-158,-951,-865,2744,-769
44996460,1137,34,-799,-90,3037,-678
44996470,1247,-35,-628,-321,2825,-90
44996480,1322,-51,-529,-535,2385,135
44996490,1392,-108,-399,-585,1895,181
44996500,1491,49,-241,-766,1243,90
44996510,1472,78,-388,-980,525,0
44996520,1554,124,-487,-1161,85,-45
44996530,1464,295,-526,-1425,-126,-135
44996540,1620,177,-645,-1985,-175,90
44996550,1539,60,-483,-2282,-256,407
44996560,1710,-26,-492,-2331,-452,0
44996570,1821,-147,-544,-2117,-387,-90
44996580,1734,-63,-597,-1540,-142,135
44996590,1910,346,-646,-832,-517,452
44996600,1979,459,-624,370,-1398,950
44996610,2003,553,-1249,699,-2034,1402
44996620,2020,631,-1638,139,-1219,1629
44996630,2020,507,-1858,287,-77,2036
44996640,2020,891,-1842,831,705,2760
44996650,2020,877,-1611,1309,1194,3665
44996660,2020,744,-1461,1605,1537,3982
44996670,2004,885,-1233,1671,1879,4027
44996680,1835,795,-1053,1688,1993,4027
44996690,1623,855,-930,1688,2042,3982
44996700,1448,982,-814,1605,1977,4027
44996710,1247,993,-756,1490,2205,3982
44996720,1100,930,-705,1292,2597,3982
44996730,932,1053,-540,1062,2923,4027
44996740,854,1057,-411,765,3168,4027
44996750,761,1081,-201,386,3314,3982
44996760,579,1059,-69,-90,3282,3982
44996770,479,1200,6,-469,3168,3982
44996780,333,1204,20,-881,2939,3982
44996790,185,1285,99,-1178,2678,4027
44996800,24,1350,11,-1441,2581,3982
44996810,-114,1375,-24,-1787,2515,3982
44996820,-226,1518,-94,-2051,2466,4027
44996830,-370,1561,-190,-2331,2401,3982
44996840,-303,1753,-292,-3517,3151,3982
44996850,-376,1666,-472,-3122,2744,4027
44996860,-586,1723,-589,-3204,2466,3982
44996870,-843,1666,-693,-3369,2336,4027
44996880,-997,1717,-1009,-3534,2189,3982
44996890,-1135,1846,-1248,-3484,2059,3982
44996900,-1390,2045,-1485,-3320,1977,4027
44996910,-1798,2045,-1824,-3138,1912,3620
44996920,-2075,2045,-2081,-2924,1863,3032
44996930,-2075,2045,-2081,-2315,1814,1991
44996940,-2075,2045,-2081,-782,1602,362
44996950,-2075,2045,-2081,2248,1015,-1900
44996960,-2075,2045,-2081,5609,85,-4344
44996970,-1738,2045,-2081,8146,-1317,-5023
44996980,-826,2045,-2081,8162,-2915,-5023
44996990,-226,2045,-2081,8146,-3975,-4978
44997000,410,2045,-2050,8162,-4236,-5023
44997010,1190,2045,-1603,8162,-4040,-5023
44997020,1277,2045,-1255,8162,-2540,-5023
44997030,1727,2045,-292,8146,-208,-5023
44997040,2020,2045,725,8146,2303,-4978
44997050,2020,2045,2014,8162,4652,-4978
44997060,2006,2045,2014,8146,5109,-4706
44997070,2020,2045,2014,8162,85,-3665
44997080,2020,2045,2014,2462,-4856,-2760
44997090,2020,1612,2014,353,-3959,-724
44997100,1622,1675,2014,-1079,-3225,905
44997110,300,1818,1728,-1277,-3062,543
44997120,422,1210,1209,24,-2148,-724
44997130,1055,879,1413,897,-452,-1267
44997140,1544,1033,1868,864,917,-1176
44997150,1835,912,2014,699,1194,-1131
44997160,2020,699,2014,271,852,-905
44997170,2020,508,1700,-41,199,-452
44997180,1854,328,1377,-140,-566,0
44997190,1560,181,1124,-41,-1202,316
44997200,1260,46,999,189,-1610,452
44997210,977,-62,971,386,-1773,588
44997220,708,-110,939,469,-1708,588
44997230,533,-131,944,502,-1349,543
44997240,428,-93,909,469,-893,452
44997250,410,-84,836,436,-387,316
44997260,447,-23,779,436,69,135
44997270,524,42,747,485,395,45
44997280,578,97,753,584,542,0
44997290,624,138,761,683,542,0
44997300,666,151,752,798,444,-90
44997310,689,171,744,930,313,-90
44997320,695,178,747,1062,183,-45
44997330,686,237,761,1194,118,0
44997340,689,303,797,1325,134,45
44997350,698,366,828,1457,85,0
44997360,711,468,842,1556,85,0
44997370,783,523,831,1655,150,-45
44997380,828,582,804,1737,183,-181
44997390,899,664,782,1803,297,-135
44997400,960,664,774,1902,395,-90
44997410,1022,831,816,2017,460,-45
44997420,1107,832,896,2182,411,0
44997430,1124,756,999,2182,330,135
44997440,1113,775,1137,2083,232,271
44997450,1110,699,1167,1869,167,497
44997460,1052,666,1211,1589,101,724
44997470,987,625,1226,1259,20,905
44997480,930,552,1193,963,-28,1131
44997490,863,504,1137,699,-44,1357
44997500,795,442,1077,452,-44,1629
44997510,707,367,986,238,-93,1900
44997520,609,337,872,90,-77,1991
44997530,524,286,753,-25,-93,2126
44997540,465,229,639,-90,-126,2262
44997550,414,168,543,-123,-224,2398
44997560,275,118,567,-58,-305,2443
44997570,333,97,380,24,-403,2489
44997580,314,64,293,139,-534,2489
44997590,330,39,222,271,-680,2443
44997600,276,9,150,436,-860,2398
44997610,285,-14,86,600,-1056,2217
44997620,284,-39,42,848,-1235,2262
44997630,314,-54,21,1078,-1431,2172
44997640,323,-44,-7,1309,-1643,2126
44997650,329,-21,-12,1556,-1871,1900
44997660,375,4,-24,1820,-2099,1900
44997670,428,54,-31,2067,-2328,1855
44997680,525,114,-43,2297,-2556,1855
44997690,611,219,-28,2561,-2850,1945
44997700,644,349,-10,2808,-3241,1991
44997710,647,523,8,3055,-3633,2036
44997720,611,741,50,3352,-3943,1945
44997730,581,894,102,3632,-4122,1764
44997740,647,1008,216,3895,-4187,1402
44997750,594,1068,387,4027,-4252,1086
44997760,507,1069,620,3928,-4187,588
44997770,405,1102,908,3549,-3877,-90
44997780,366,1093,1221,2792,-3339,-1086
44997790,408,1047,1488,1704,-2605,-2443
44997800,467,1086,1836,551,-1284,-3394
44997810,762,1200,2014,-1145,167,-4616
44997820,1071,1609,2014,-3254,1895,-5023
44997830,1143,2045,2014,-5330,3983,-4978
44997840,1202,2045,2014,-7257,5761,-4978
44997850,1262,2045,2014,-8394,7164,-5023
44997860,1721,2045,2014,-8394,7914,-4978
44997870,2020,2045,2014,-8394,7947,-4978
44997880,2020,2045,2014,-8394,7914,-4978
44997890,2020,2045,2014,-8394,7914,-4978
44997900,2020,2045,2014,-8394,1895,-2353
44997910,2020,2045,2014,-8394,-4709,1810
44997920,779,2045,1397,-8394,-8477,3620
44997930,-864,2045,981,-8394,-8477,3077
44997940,-1450,2045,800,-7834,-8477,2262
44997950,-1843,1569,536,-7241,-8477,2489
44997960,-1584,1080,-97,-6961,-7253,2805
44997970,-484,1234,-438,-6862,-2638,2986
44997980,483,1170,-765,-6466,297,3394
44997990,855,1039,-1011,-5956,1716,3801
44998000,900,876,-1042,-5313,2336,4027
44998010,852,777,-930,-4588,2385,4027
44998020,750,661,-837,-4061,1749,3891
44998030,587,523,-751,-3550,933,3846
44998040,494,478,-691,-3270,232,3575
44998050,324,466,-726,-3040,-208,3529
44998060,191,367,-792,-2776,-289,3620
44998070,77,295,-882,-2496,-110,3846
44998080,-54,247,-886,-2265,232,3982
44998090,-160,250,-844,-2035,705,3982
44998100,-259,234,-760,-1870,1178,4027
44998110,-349,204,-691,-1738,1471,4027
44998120,-445,171,-634,-1738,1455,3982
44998130,-556,157,-612,-1804,1162,3620
44998140,-721,142,-646,-1952,640,3077
44998150,-889,193,-739,-2084,36,2398
44998160,-1024,226,-906,-2166,-566,1764
44998170,-1177,264,-1104,-2084,-925,1312
44998180,-1272,297,-1299,-1853,-974,814
44998190,-1278,360,-1455,-1540,-762,452
44998200,-1215,459,-1566,-1112,-387,226
44998210,-1156,685,-1582,-667,-93,135
44998220,-1167,927,-1570,-338,20,226
44998230,-1275,1116,-1618,-123,134,316
44998240,-1419,1402,-1737,222,183,135
44998250,-1668,1516,-2037,584,232,-181
44998260,-1953,1621,-2081,1276,216,-950
44998270,-2075,1828,-2081,2479,183,-1945
44998280,-1954,2045,-2081,4373,-126,-3394
44998290,-1671,2045,-2081,6614,-664,-4751
44998300,-1191,2045,-2081,8146,-1512,-5023
44998310,-619,2045,-2081,8162,-2344,-5023
44998320,-213,2045,-1375,8146,-2703,-5023
44998330,-163,2045,-648,8162,-2377,-5023
44998340,-237,2045,-54,8146,-1023,-5023
44998350,309,2045,782,8162,917,-5023
44998360,1769,2045,2014,8146,2483,-5023
44998370,1607,2045,2014,8162,4146,-3801
44998380,2020,1992,2014,8146,4424,-2670
44998390,2020,913,2014,3302,3363,-1267
44998400,2020,802,2014,-90,-452,-859
44998410,1361,1363,2014,-2529,-3633,-226
44998420,219,907,893,-3204,-3959,135
44998430,-285,229,-18,-1689,-3045,-452
44998440,-93,102,231,-58,-1153,-588
44998450,555,229,929,897,786,-678
44998460,972,319,1536,1161,1814,-226
44998470,1037,384,1908,304,1895,-678
44998480,996,235,1881,-25,1863,-135
44998490,1170,322,1662,-305,998,-271
44998500,1043,157,1604,-41,379,-271
44998510,941,111,1712,222,101,-181
44998520,902,-134,1704,370,-28,135
44998530,533,-230,1845,205,4,316
44998540,399,-306,1674,-74,52,316
44998550,258,-234,1503,-222,36,316
44998560,149,-237,1355,-420,-28,407
44998570,131,-311,1140,-552,199,497
44998580,-22,-299,1091,-601,689,588
44998590,11,-242,1088,-815,1080,497
44998600,44,-162,1145,-585,1194,362
44998610,96,-128,1068,-469,1080,316
44998620,92,-170,1056,-387,1129,271
44998630,14,-206,1098,-255,1145,226
44998640,-21,-156,1125,-140,1113,316
44998650,-91,-188,1083,-206,835,226
44998660,-87,-317,1055,-272,901,226
44998670,-67,-359,1035,-239,1178,316
44998680,-210,-302,1086,-371,1292,362
44998690,-174,-290,1016,-436,1390,316
44998700,-132,-267,944,-321,1406,316
44998710,-106,-224,909,-123,1520,271
44998720,-138,-180,993,-41,1520,271
44998730,-133,-197,1026,24,1374,316
44998740,-147,-186,1089,106,1080,181
44998750,-229,-198,1034,90,737,135
44998760,-321,-305,890,24,754,45
44998770,-333,-324,831,57,1080,-45
44998780,-288,-248,894,156,1439,-45
44998790,-246,-132,1008,57,1700,45
44998800,-273,-137,1001,-41,1830,90
44998810,-300,-180,1092,-74,1716,135
44998820,-339,-210,1046,-140,1471,135
44998830,-361,-267,1055,-206,1292,271
44998840,-276,-197,1040,-58,1129,407
44998850,-492,-123,1140,732,819,724
44998860,-492,-267,956,650,721,769
44998870,-498,-281,1037,370,852,452
44998880,-534,-194,1038,123,933,135
44998890,-517,-107,1070,189,607,181
44998900,-442,-183,1085,189,199,90
44998910,-417,-183,996,-8,-224,90
44998920,-418,-135,803,-74,-387,271
44998930,-463,-102,723,90,-256,407
44998940,-529,-119,804,172,-61,362
44998950,-549,-138,816,57,4,135
44998960,-532,-182,830,-123,36,90
44998970,-523,-165,788,-156,-159,45
44998980,-448,-194,1022,-173,-159,90
44998990,-724,-357,977,238,574,90
44999000,-693,-279,969,617,786,-271
44999010,-684,-275,1008,600,998,-181
44999020,-799,-255,1034,452,998,135
44999030,-567,-98,830,633,705,362
44999040,-576,-84,792,979,737,316
44999050,-618,-102,797,1227,786,271
44999060,-706,-203,861,1292,803,271
44999070,-594,-159,935,732,868,497
44999080,-666,-246,989,-74,689,678
44999090,-625,-239,962,-552,362,497
44999100,-567,-177,920,-733,232,362
44999110,-498,-155,864,-766,52,271
44999120,-592,-150,857,-634,-175,226
44999130,-582,-135,741,-601,-387,181
44999140,-504,-63,689,-667,-632,362
44999150,-499,-92,746,-535,-974,633
44999160,-412,-138,849,-404,-1317,633
44999170,-399,-114,828,-338,-1366,452
44999180,-324,-123,774,-107,-1414,181
44999190,-361,-144,693,-107,-1594,0
44999200,-423,-126,702,-156,-1724,-181
44999210,-403,-105,660,-74,-1496,-226
44999220,-445,-134,678,139,-1072,-90
44999230,-775,-369,1602,172,-729,0
44999240,-448,-416,1244,-535,-2312,-181
44999250,-537,-233,947,-404,-1953,-497
44999260,-457,-158,1025,-552,-1414,-271
44999270,-348,-216,963,-107,-1056,-226
44999280,-328,-273,951,-140,-1105,-271
44999290,-276,-263,921,-371,-1284,-362
44999300,-234,-228,884,-387,-1529,-271
44999310,-208,-225,843,-206,-1675,-181
44999320,-162,-257,819,57,-1904,0
44999330,-147,-326,890,304,-2214,90
44999340,404,-426,-154,1474,-2263,226
44999350,-61,-179,720,2001,-2148,588
44999360,-73,-206,455,2495,-2719,950
44999370,-990,969,-150,6779,-2915,905
44999380,-2075,1156,2014,6054,3494,1086
44999390,-862,-612,1175,-41,-2621,1855
44999400,-555,70,-358,156,-1887,1719
44999410,-472,2045,2014,-255,3249,1493
44999420,891,186,-732,469,85,1312
44999430,165,303,1197,205,69,181
44999440,63,91,1062,-41,101,-45
44999450,39,28,542,24,36,-135
44999460,-34,13,989,90,-44,-226
44999470,-43,-26,1083,90,-28,-226
44999480,-28,-6,992,106,4,90
44999490,-16,13,1014,106,4,90
44999500,-13,15,1016,73,-28,0
44999510,-21,16,1022,57,-28,45
44999520,-13,16,1020,73,-28,45
44999530,-13,19,1017,73,-28,45
44999540,-12,13,1019,73,-28,45
44999550,-12,15,1017,90,-12,45
44999560,-13,13,1025,73,-28,45
44999570,-19,15,1026,90,-12,90
44999580,-9,15,1017,73,-28,0
44999590,-12,15,1022,73,-12,0
44999600,-19,13,1019,73,-28,45
44999610,-15,12,1023,73,-28,0
44999620,-16,13,1023,73,-28,45
44999630,-16,18,1023,90,-12,45
44999640,-13,16,1016,73,-12,45
44999650,-16,16,1017,90,-12,45
44999660,-18,13,1028,90,-12,45
44999670,-13,16,1023,73,-28,45
44999680,-13,18,1022,73,-28,45
44999690,-16,16,1020,73,-28,0
44999700,-7,12,1019,73,-28,45
44999710,-15,15,1022,73,-28,45
44999720,-13,16,1025,73,-28,45
44999730,-7,15,1022,73,-28,90
44999740,-10,16,1019,73,-28,45
44999750,-18,12,1022,73,-28,90
44999760,-18,18,1019,73,-28,45
44999770,-15,13,1023,73,-28,45
44999780,-15,15,1019,73,-28,45
44999790,-12,13,1017,73,-28,45
44999800,-15,12,1022,73,-28,45
44999810,-21,12,1022,73,-28,45
44999820,-12,12,1022,73,-28,45
44999830,-16,18,1022,57,-44,0
44999840,-13,12,1019,73,-28,45
44999850,-1,4,1031,57,-44,0
44999860,0,7,1022,73,-12,45
44999870,-15,12,1022,90,-28,0
44999880,-10,15,1026,73,-28,90
44999890,2,7,1031,90,-12,45
44999900,-15,7,1022,73,-28,90
44999910,-18,15,1026,73,-28,45
44999920,6,4,1028,57,-28,90
44999930,-9,13,1032,90,-12,45
44999940,-10,15,1013,90,-12,45
44999950,-18,19,1022,57,-28,0
44999960,-21,25,1016,73,-28,45
44999970,-21,19,1016,90,-12,45
44999980,-13,15,1016,73,-28,0
44999990,-12,15,1023,73,-12,90
45000000,-10,13,1014,73,-28,45
45000010,-16,13,1037,73,-28,45
45000020,-1,12,1034,73,-28,45
45000030,-13,18,1016,73,-28,45
45000040,-15,10,1020,73,-28,45
45000050,-7,15,1023,73,-28,45
45000060,-9,12,1025,73,-28,45
45000070,-12,7,1023,73,-12,45
45000080,-15,6,1020,73,-28,45
45000090,-13,9,1023,73,-28,90
45000100,-13,13,1026,73,-28,45
45000110,-16,15,1025,73,-28,45
45000120,-10,16,1019,73,-28,45
45000130,-13,13,1020,73,-28,45
45000140,-9,16,1017,73,-28,45
45000150,-18,12,1020,73,-28,45
45000160,-15,13,1026,73,-28,45
45000170,-12,12,1020,73,-12,0
45000180,-18,13,1014,73,-28,45
45000190,-13,18,1016,90,-28,45
45000200,-16,18,1019,73,-28,45
45000210,-16,16,1023,73,-28,45
45000220,-15,19,1016,90,-12,45
45000230,-13,16,1019,73,-28,45
45000240,-15,12,1013,73,-28,0
45000250,-12,18,1020,73,-28,45
45000260,-12,16,1023,73,-28,0
45000270,-15,10,1020,73,-28,45
45000280,-10,13,1020,73,-28,45
45000290,-10,13,1023,73,-12,45
45000300,-13,12,1022,90,-12,45
45000310,-15,15,1026,73,-28,45
45000320,-9,16,1020,90,-12,45
45000330,-12,15,1016,73,-28,45
45000340,-12,10,1017,90,-12,45
45000350,-13,13,1025,73,-28,90
45000360,-16,13,1020,90,-12,45
45000370,-12,13,1019,73,-28,45
45000380,-13,15,1017,90,-12,45
45000390,-13,9,1016,73,-28,45
45000400,-16,13,1023,73,-28,45
45000410,-13,18,1026,73,-28,45
45000420,-12,15,1022,73,-28,45
45000430,-10,10,1020,73,-28,45
45000440,-9,16,1014,73,-28,45
45000450,-13,15,1020,73,-28,45
45000460,-12,18,1025,73,-28,90
45000470,-7,13,1023,90,-12,90
45000480,-13,12,1016,73,-28,45
45000490,-18,12,1016,90,-12,45
45000500,-16,18,1017,57,-28,45
45000510,-13,10,1023,90,4,90
45000520,-13,12,1022,57,-28,90
45000530,-18,12,1019,73,-28,0
45000540,-13,13,1016,73,-12,45
45000550,-9,12,1026,73,-12,45
45000560,-10,15,1026,73,-12,45
45000570,-15,18,1022,73,-28,45
45000580,-15,15,1019,73,-28,45
45000590,-13,16,1019,73,-28,45
45000600,-10,12,1019,73,-28,45
45000610,-15,16,1025,73,-28,45
45000620,-10,15,1019,90,-12,45
45000630,-12,12,1017,73,-28,45
45000640,-18,12,1016,73,-28,45
45000650,-18,13,1022,73,-28,45
45000660,-16,13,1023,90,-12,45
45000670,-15,10,1025,73,-12,45
45000680,-12,13,1017,57,-28,90
45000690,-12,10,1020,73,-28,45
45000700,-19,13,1023,73,-28,45
45000710,-12,16,1026,90,-12,45
45000720,-12,15,1020,90,-12,45
45000730,-13,12,1017,73,-12,45
45000740,-12,12,1016,73,-28,45
45000750,-15,18,1023,73,-28,45
45000760,-15,12,1025,73,-28,90
45000770,-12,12,1022,73,-28,90
45000780,-10,13,1014,73,-28,45
45000790,-9,10,1019,73,-28,45
45000800,-12,13,1023,73,-28,45
45000810,-13,13,1025,73,-28,45
45000820,-13,12,1023,73,-28,45
45000830,-16,12,1019,57,-44,0
45000840,-15,15,1019,73,-12,90
45000850,-15,16,1022,57,-44,0
45000860,-9,12,1026,73,-28,90
45000870,-13,18,1023,73,-28,0
45000880,-10,7,1016,73,-12,45
45000890,-9,12,1016,73,-28,45
45000900,-10,10,1019,90,-12,45
45000910,-13,15,1022,73,-28,90
45000920,-7,16,1022,90,-12,45
45000930,-12,10,1017,73,-28,45
45000940,-10,15,1019,90,-12,45
45000950,-13,16,1023,73,-28,0
45000960,-13,15,1017,90,-12,45
45000970,-16,16,1017,73,-44,0
45000980,-18,15,1017,90,-12,45
45000990,-15,10,1019,73,-28,45
45001000,-15,10,1022,73,-28,45
45001010,-9,16,1023,73,-12,45
45001020,-13,18,1019,73,-28,45
45001030,-10,12,1017,73,-28,45
45001040,-10,18,1020,73,-28,45
45001050,-9,13,1026,73,-28,45
45001060,-13,13,1025,73,-28,45
45001070,-18,10,1023,73,-12,45
45001080,-6,18,1016,73,-28,45
45001090,-16,15,1019,73,-12,45
45001100,-12,10,1023,73,-28,45
45001110,-12,12,1022,90,-12,45
45001120,-13,7,1017,73,-28,90
45001130,-12,12,1020,73,-28,45
45001140,-12,12,1022,73,-28,90
45001150,-9,16,1022,73,-12,45
45001160,-13,16,1025,73,-28,90
45001170,-16,13,1022,73,-28,45
45001180,-10,12,1019,73,-28,45
45001190,-9,10,1019,73,-12,45
45001200,-10,18,1026,73,-12,90
45001210,-13,18,1020,73,-28,45
45001220,-12,15,1022,73,-28,0
45001230,-10,12,1017,90,-12,45
45001240,-15,13,1019,73,-28,90
45001250,-18,9,1020,90,-12,45
45001260,-19,16,1020,57,-44,0
45001270,-15,9,1020,73,-28,45
45001280,-13,13,1016,73,-28,45
45001290,-13,12,1019,57,-28,45
45001300,-13,10,1019,73,-28,45
45001310,-15,16,1022,73,-12,45
45001320,-13,13,1020,73,-28,90
45001330,-7,16,1016,73,-28,45
45001340,-15,12,1017,73,-28,45
45001350,-15,16,1025,73,-28,45
45001360,-9,16,1023,73,-28,45
45001370,-16,13,1017,73,-28,45
45001380,-9,15,1019,90,-12,45
45001390,-12,12,1022,73,-28,45
45001400,-12,12,1022,90,-28,0
45001410,-16,18,1028,73,-28,45
45001420,-15,15,1020,57,-44,0
45001430,-16,12,1014,73,-28,45
45001440,-15,12,1020,90,-28,0
45001450,-12,16,1023,73,-28,45
45001460,-12,15,1023,90,-12,0
45001470,-12,16,1017,73,-28,45
45001480,-13,13,1014,73,-28,45
45001490,-13,13,1019,73,-28,45
45001500,-13,15,1022,73,-12,45
45001510,-9,10,1023,73,-28,45
45001520,-10,15,1020,73,-12,90
45001530,-16,15,1017,73,-28,45
45001540,-18,12,1022,73,-28,45
45001550,-13,13,1023,73,-28,45
45001560,-12,10,1023,73,-28,45
45001570,-12,13,1022,73,-28,45
45001580,-15,15,1019,73,-28,90
45001590,-13,12,1017,73,-12,45
45001600,-15,12,1023,73,-28,45
45001610,-12,13,1023,90,-12,0
45001620,-10,15,1020,73,-28,45
45001630,-9,15,1017,90,-12,45
45001640,-15,9,1020,73,-28,90
45001650,-10,19,1023,73,-28,90
45001660,-15,13,1025,73,-12,90
45001670,-12,16,1019,73,-28,45
45001680,-16,15,1016,73,-28,45
45001690,-15,13,1022,73,-12,90
45001700,-16,13,1025,73,-28,45
45001710,-13,13,1026,73,-28,45
45001720,-15,13,1019,73,-28,45
45001730,-9,16,1019,73,-28,45
45001740,-9,12,1022,73,-28,45
45001750,-9,12,1025,73,-28,45
45001760,-13,18,1022,73,-12,45
45001770,-12,13,1017,73,-28,90
45001780,-10,16,1014,73,-28,45
45001790,-10,12,1020,73,-28,90
45001800,-18,13,1026,90,-12,0
45001810,-9,13,1023,57,-28,45
45001820,-12,13,1017,73,-28,45
45001830,-16,10,1017,57,-28,0
45001840,-13,10,1023,57,-44,0
45001850,-15,12,1023,73,-28,45
45001860,-12,16,1023,90,-28,0
45001870,-15,16,1022,73,-28,45
45001880,-13,16,1019,73,-12,45
45001890,-18,13,1023,73,-12,45
45001900,-12,13,1023,90,-12,45
45001910,-15,16,1022,73,-28,45
45001920,-15,15,1019,73,-28,45
45001930,-15,18,1016,73,-12,45
45001940,-18,15,1022,73,-28,45
45001950,-15,15,1023,73,-28,0
45001960,-12,16,1022,57,-28,0
45001970,-16,12,1017,57,-44,0
45001980,-6,12,1019,73,-12,45
45001990,-12,12,1022,73,-28,0
45002000,-16,16,1025,73,-12,45
45002010,-13,12,1020,73,-28,45
45002020,-13,12,1020,73,-28,45
45002030,-12,13,1016,73,-12,45
45002040,-15,16,1020,73,-28,45
45002050,-12,15,1025,73,-28,45
45002060,-9,18,1020,73,-28,45
45002070,-15,15,1017,73,-28,45
45002080,-10,12,1020,73,-12,45
45002090,-9,15,1019,73,-28,90
45002100,-13,10,1022,73,-12,45
45002110,-16,10,1019,73,-28,45
45002120,-13,9,1016,90,-12,45
45002130,-15,12,1019,73,-28,90
45002140,-15,16,1022,73,-28,45
45002150,-13,15,1022,73,-28,45
45002160,-9,16,1017,73,-12,45
45002170,-13,16,1019,73,-28,0
45002180,-12,10,1019,73,-28,45
45002190,-13,12,1020,73,-28,45
45002200,-12,15,1026,73,-28,45
45002210,-13,16,1022,73,-28,45
45002220,-12,16,1016,73,-28,0
45002230,-13,10,1020,73,-28,45
45002240,-18,13,1023,73,-28,45
45002250,-16,10,1025,73,-28,45
45002260,-13,12,1019,73,-12,45
45002270,-12,12,1019,90,-12,45
45002280,-12,10,1019,57,-28,45
45002290,-15,13,1026,73,-28,45
45002300,-18,16,1025,57,-28,45
45002310,-13,9,1019,73,-28,0
45002320,-16,15,1019,73,-28,45
45002330,-13,12,1020,73,-12,45
45002340,-15,16,1020,73,-28,45
45002350,-16,15,1022,57,-28,0
45002360,-10,18,1017,73,-28,45
45002370,-10,13,1016,73,-28,45
45002380,-12,16,1019,73,-28,45
45002390,-10,13,1023,73,-28,45
45002400,-15,10,1026,73,-28,45
45002410,-16,12,1020,73,-28,45
45002420,-16,15,1016,90,-12,45
45002430,-15,10,1019,73,-28,45
45002440,-18,10,1025,73,-12,45
45002450,-12,15,1023,73,-28,45
45002460,-12,12,1017,90,-12,0
45002470,-18,10,1017,73,-28,45
45002480,-13,13,1020,90,-12,90
45002490,-16,16,1020,73,-28,45
45002500,-15,15,1025,90,-12,45
45002510,-10,15,1019,73,-28,45
45002520,-13,13,1017,57,-44,0
45002530,-13,13,1016,73,-28,45
45002540,-12,15,1022,73,-28,45
45002550,-13,13,1023,90,-28,0
45002560,-13,13,1020,73,-12,45
45002570,-10,13,1020,73,-28,45
45002580,-13,18,1020,73,-28,90
45002590,-15,16,1020,73,-12,45
45002600,-12,15,1023,73,-28,45
45002610,-10,7,1019,73,-28,45
45002620,-12,9,1014,73,-28,45
45002630,-15,12,1023,90,-12,45
45002640,-15,16,1020,73,-28,45
45002650,-13,16,1020,90,-12,45
45002660,-16,12,1020,73,-28,45
45002670,-10,12,1016,73,-28,45
45002680,-13,9,1019,73,-12,45
45002690,-13,13,1028,73,-12,90
45002700,-19,13,1023,73,-28,45
45002710,-13,13,1023,73,-12,0
45002720,-10,12,1020,73,-28,45
45002730,-15,12,1020,73,-28,45
45002740,-10,12,1019,73,-28,45
45002750,-10,16,1025,73,-28,45
45002760,-15,19,1020,73,-28,45
45002770,-10,13,1014,73,-28,45
45002780,-15,12,1019,73,-12,45
45002790,-13,16,1023,57,-28,90
45002800,-13,15,1023,90,-12,45
45002810,-13,16,1022,57,-28,45
45002820,-13,15,1017,73,-28,45
45002830,-16,10,1017,57,-28,0
45002840,-12,15,1026,57,-44,0
45002850,-16,15,1022,73,-28,45
45002860,-18,12,1017,73,-28,45
45002870,-6,13,1019,73,-28,0
45002880,-10,15,1017,73,-28,90
45002890,-15,13,1022,73,-28,45
45002900,-15,15,1022,73,-28,45
45002910,-13,10,1020,90,-28,45
45002920,-13,10,1014,57,-28,90
45002930,-9,12,1020,73,-12,45
45002940,-15,16,1019,73,-28,45
45002950,-12,13,1023,90,-12,45
45002960,-12,16,1022,57,-44,0
45002970,-15,18,1017,90,-12,45
45002980,-12,15,1020,73,-28,45
45002990,-12,12,1025,90,-12,45
