#agb 125126000 10 1 0

$date 20070801
$interval 10
$var time msec
$var ax short
$var ay short
$var az short
$var gx short
$var gy short
$var gz short

$data
46286000,141,-114,698,-321,-191,-1583
46286010,182,-137,701,-371,-273,-1493
46286020,216,-140,713,-436,-371,-1448
46286030,257,-144,767,-486,-452,-1448
46286040,329,-228,797,-502,-517,-1402
46286050,411,-170,806,-535,-550,-1357
46286060,428,-51,813,-618,-566,-1448
46286070,467,-12,887,-766,-599,-1538
46286080,537,-221,1023,-815,-632,-1538
46286090,641,-425,1086,-865,-599,-1493
46286100,665,-437,1110,-914,-550,-1402
46286110,629,-434,1127,-848,-485,-1267
46286120,630,-455,1110,-700,-452,-1131
46286130,641,-390,1085,-552,-436,-995
46286140,662,-372,1044,-436,-403,-995
46286150,636,-422,993,-321,-387,-905
46286160,632,-387,965,-222,-371,-814
46286170,656,-392,941,-140,-354,-678
46286180,729,-378,957,-58,-305,-678
46286190,783,-426,999,-41,-224,-633
46286200,801,-479,1038,-41,-93,-543
46286210,771,-480,1053,-58,20,-588
46286220,728,-447,1065,-25,134,-543
46286230,695,-405,1067,-25,216,-497
46286240,674,-371,1058,-74,297,-452
46286250,654,-345,1056,-123,379,-452
46286260,627,-365,1044,-173,444,-452
46286270,587,-377,1013,-255,509,-407
46286280,533,-372,968,-338,542,-316
46286290,458,-344,918,-371,574,-271
46286300,431,-336,858,-436,558,-271
46286310,410,-344,807,-469,574,-181
46286320,381,-377,786,-535,558,-90
46286330,354,-411,785,-568,542,-90
46286340,330,-446,783,-585,542,0
46286350,309,-470,782,-568,525,45
46286360,287,-491,783,-535,493,90
46286370,263,-503,779,-469,460,135
46286380,225,-503,774,-354,395,181
46286390,195,-501,771,-222,346,226
46286400,185,-485,780,-90,264,226
46286410,182,-450,792,57,183,271
46286420,180,-396,810,156,134,316
46286430,174,-360,830,222,69,316
46286440,171,-335,837,271,20,316
46286450,164,-326,854,320,-44,362
46286460,164,-314,860,353,-93,362
46286470,161,-297,866,386,-142,362
46286480,152,-272,879,419,-191,362
46286490,159,-261,903,452,-224,362
46286500,170,-252,926,485,-273,362
46286510,188,-254,962,518,-305,362
46286520,207,-263,998,551,-322,316
46286530,212,-267,1041,584,-338,362
46286540,234,-266,1077,633,-354,316
46286550,281,-281,1128,683,-354,407
46286560,336,-269,1184,699,-338,407
46286570,390,-267,1265,732,-289,407
46286580,426,-272,1323,699,-240,497
46286590,447,-270,1385,666,-159,588
46286600,473,-284,1470,666,-44,543
46286610,494,-287,1520,633,69,588
46286620,515,-263,1539,617,199,588
46286630,558,-243,1584,584,330,633
46286640,611,-215,1616,551,509,633
46286650,665,-213,1662,502,689,588
46286660,696,-227,1686,403,901,633
46286670,680,-242,1703,304,1113,769
46286680,657,-273,1728,254,1308,769
46286690,666,-353,1740,222,1488,859
46286700,704,-393,1736,222,1667,995
46286710,732,-416,1752,271,1847,1086
46286720,765,-402,1826,337,2075,1176
46286730,765,-386,1817,353,2287,1221
46286740,779,-414,1832,386,2532,1312
46286750,786,-480,1815,419,2760,1402
46286760,789,-531,1734,485,2956,1448
46286770,753,-461,1589,584,3151,1448
46286780,653,-324,1413,650,3331,1493
46286790,527,-218,1251,683,3478,1493
46286800,422,-176,1100,650,3575,1538
46286810,351,-180,1013,666,3641,1538
46286820,329,-264,881,716,3673,1583
46286830,266,-153,684,749,3706,1629
46286840,135,-15,516,848,3722,1538
46286850,12,58,347,897,3673,1493
46286860,-66,126,200,897,3608,1448
46286870,-106,163,92,881,3510,1402
46286880,-132,180,9,831,3380,1357
46286890,-135,165,-31,782,3266,1357
46286900,-118,141,-51,749,3135,1312
46286910,-96,124,-70,732,3005,1267
46286920,-67,93,-61,683,2858,1312
46286930,-16,60,-28,683,2760,1267
46286940,8,16,-28,699,2662,1267
46286950,27,4,-51,782,2548,1221
46286960,29,58,-121,881,2434,1131
46286970,9,175,-258,897,2303,995
46286980,-33,292,-438,848,2156,859
46286990,-130,460,-612,650,1961,769
46287000,-172,507,-826,419,1732,724
46287010,-301,594,-1017,156,1471,678
46287020,-420,673,-1242,-107,1162,633
46287030,-516,828,-1543,-338,819,497
46287040,-648,1050,-1839,-486,460,181
46287050,-571,1164,-2074,-453,199,-90
46287060,-390,1095,-2067,-156,-28,-497
46287070,-186,1122,-1863,337,-534,-995
46287080,-313,1507,-1696,617,-1480,-1674
46287090,-465,2035,-1744,535,-2670,-2308
46287100,-277,2045,-1911,156,-3812,-2670
46287110,98,2045,-1996,-371,-4758,-2896
46287120,285,1744,-1936,-865,-5492,-3032
46287130,491,1416,-1833,-1260,-6112,-3258
46287140,806,1129,-1510,-1557,-6422,-3258
46287150,992,669,-936,-1623,-6324,-3122
46287160,830,154,-55,-1771,-6291,-3167
46287170,680,-422,-210,-1804,-6210,-3303
46287180,695,-296,-229,-1441,-6471,-3394
46287190,1709,117,647,-568,-6617,-3710
46287200,2020,-1640,1794,979,-6813,-3756
46287210,2020,-2050,2014,1984,-6780,-2624
46287220,2020,-2050,2014,2693,-4383,-1493
46287230,2020,-1127,2014,2182,-1904,-1040
46287240,2020,-422,2014,568,-632,-633
46287250,831,-645,2014,-1079,20,-90
46287260,263,-927,2014,-1722,379,181
46287270,-10,-1169,2014,-1425,542,407
46287280,-400,-848,1800,-832,591,362
46287290,-691,-272,1400,-502,460,181
46287300,-748,73,1158,-453,297,181
46287310,-612,82,1073,-519,101,90
46287320,-472,-74,1070,-469,-61,90
46287330,-378,-179,1118,-255,-224,0
46287340,-259,-188,1187,-8,-338,-90
46287350,-145,-167,1281,205,-403,-135
46287360,-37,-164,1314,320,-420,-181
46287370,35,-165,1287,370,-403,-181
46287380,108,-186,1266,403,-371,-135
46287390,171,-207,1244,436,-322,-90
46287400,215,-183,1203,469,-256,-45
46287410,198,-144,1152,502,-208,0
46287420,176,-135,1107,502,-142,0
46287430,152,-149,1058,469,-110,45
46287440,170,-161,996,452,-77,45
46287450,200,-159,962,436,-77,0
46287460,222,-147,927,386,-61,0
46287470,228,-147,900,337,-44,0
46287480,227,-150,894,287,-28,0
46287490,225,-159,884,222,-28,0
46287500,200,-177,885,189,-28,0
46287510,185,-195,890,156,-28,0
46287520,147,-206,902,172,-28,0
46287530,110,-192,918,189,-44,45
46287540,71,-165,927,205,-44,45
46287550,57,-141,935,205,-61,90
46287560,59,-123,939,205,-77,45
46287570,63,-116,942,172,-77,45
46287580,66,-114,959,139,-93,90
46287590,78,-110,972,139,-93,90
46287600,83,-110,986,90,-110,135
46287610,95,-120,1014,73,-93,90
46287620,102,-135,1023,57,-93,45
46287630,108,-144,1043,57,-93,45
46287640,110,-141,1070,57,-110,45
46287650,117,-138,1115,73,-77,45
46287660,129,-144,1167,90,-77,45
46287670,132,-149,1196,106,-44,45
46287680,120,-126,1206,123,-28,45
46287690,123,-107,1229,123,-12,135
46287700,120,-125,1242,123,20,90
46287710,131,-159,1275,123,85,135
46287720,152,-188,1317,139,134,226
46287730,167,-186,1340,139,199,226
46287740,153,-161,1344,123,264,271
46287750,132,-143,1335,90,313,226
46287760,108,-149,1325,73,379,271
46287770,104,-155,1313,40,428,226
46287780,95,-170,1293,40,493,271
46287790,86,-186,1262,40,542,271
46287800,66,-195,1220,24,591,271
46287810,42,-209,1170,40,623,271
46287820,11,-209,1119,73,640,271
46287830,-21,-209,1059,90,656,271
46287840,-48,-188,995,106,672,271
46287850,-75,-173,918,123,656,226
46287860,-97,-168,845,123,640,271
46287870,-112,-171,792,156,591,181
46287880,-130,-173,750,172,558,181
46287890,-142,-155,716,189,509,181
46287900,-150,-135,696,189,444,135
46287910,-150,-111,681,189,379,135
46287920,-154,-96,678,156,330,90
46287930,-150,-95,674,139,281,90
46287940,-153,-93,672,106,216,90
46287950,-159,-90,668,90,167,90
46287960,-163,-93,659,73,101,90
46287970,-169,-113,648,57,52,45
46287980,-165,-132,653,73,-12,45
46287990,-153,-150,672,106,-77,45
46288000,-136,-155,692,106,-142,0
46288010,-123,-134,719,106,-191,0
46288020,-108,-114,753,139,-208,0
46288030,-93,-110,792,106,-256,0
46288040,-94,-128,848,90,-289,45
46288050,-105,-140,902,90,-305,45
46288060,-103,-155,954,90,-322,45
46288070,-88,-143,1016,90,-322,-45
46288080,-81,-140,1055,90,-338,0
46288090,-82,-140,1088,90,-322,0
46288100,-84,-147,1115,106,-322,0
46288110,-91,-146,1148,139,-305,45
46288120,-91,-132,1185,156,-305,-45
46288130,-93,-117,1224,189,-289,90
46288140,-94,-105,1269,189,-273,90
46288150,-90,-122,1319,189,-256,90
46288160,-66,-126,1365,205,-224,45
46288170,-51,-125,1425,205,-175,90
46288180,-31,-116,1494,238,-110,135
46288190,-10,-120,1556,254,-28,90
46288200,15,-126,1611,254,36,135
46288210,39,-132,1661,287,167,181
46288220,59,-155,1704,287,297,226
46288230,96,-200,1761,304,428,271
46288240,155,-227,1796,320,574,181
46288250,212,-240,1839,337,754,316
46288260,278,-312,1868,353,933,362
46288270,332,-350,1850,386,1129,407
46288280,404,-413,1869,469,1374,497
46288290,501,-473,1857,452,1602,633
46288300,554,-492,1820,452,1847,769
46288310,561,-519,1767,436,2156,950
46288320,515,-507,1700,419,2401,995
46288330,477,-525,1622,436,2678,1131
46288340,431,-488,1509,419,2923,1176
46288350,350,-416,1365,436,3135,1267
46288360,248,-311,1142,419,3314,1357
46288370,125,-155,870,386,3445,1357
46288380,-6,-32,621,320,3510,1357
46288390,-103,48,365,238,3527,1357
46288400,-190,159,144,139,3494,1357
46288410,-252,213,-3,90,3412,1357
46288420,-229,232,-123,40,3314,1357
46288430,-312,231,-150,40,3151,1312
46288440,-274,172,-172,40,3037,1357
46288450,-258,142,-160,73,2939,1357
46288460,-214,85,-75,156,2809,1402
46288470,-147,12,17,254,2711,1448
46288480,-72,-26,54,419,2629,1448
46288490,-33,-12,14,568,2532,1402
46288500,-37,40,-88,732,2434,1267
46288510,-63,205,-309,765,2303,1040
46288520,-175,409,-628,617,2140,769
46288530,-312,655,-1161,238,1895,633
46288540,-613,1032,-1938,-272,1488,497
46288550,-1110,1581,-2081,-799,917,181
46288560,-1272,2045,-2081,-1376,101,-181
46288570,-1279,2045,-2081,-1507,-746,-407
46288580,-831,1647,-2081,-717,-1463,-1040
46288590,-12,975,-2081,436,-2002,-2081
46288600,155,2016,-1692,946,-3257,-3122
46288610,-174,2045,-1687,535,-4676,-3348
46288620,-1,2045,-2005,-486,-5378,-3484
46288630,197,2045,-2005,-1359,-5753,-3575
46288640,620,1815,-2081,-1936,-6210,-3394
46288650,1203,684,-1354,-2710,-6373,-3122
46288660,729,-525,-1347,-3105,-6356,-3213
46288670,984,-1031,-220,-1425,-6259,-4072
46288680,2020,-2050,1683,1227,-6568,-4118
46288690,2020,-2050,2014,2775,-6764,-3213
46288700,2020,-2050,2014,3401,-5117,-2534
46288710,2020,-1299,2014,1787,-2915,-1267
46288720,2020,-1082,2014,40,-1349,-724
46288730,1563,-1491,2014,-1277,-371,-135
46288740,608,-1574,2014,-1293,150,-135
46288750,-87,-1529,2014,-832,395,-181
46288760,-660,-840,1790,-552,477,-45
46288770,-909,43,1352,-502,395,-45
46288780,-874,312,1041,-684,281,0
46288790,-705,-35,944,-865,134,45
46288800,-607,-348,935,-733,-44,45
46288810,-612,-321,936,-387,-240,-45
46288820,-511,-195,981,-123,-387,-181
46288830,-343,-164,1062,-8,-468,-226
46288840,-213,-188,1127,7,-501,-271
46288850,-103,-255,1178,73,-501,-271
46288860,14,-363,1217,139,-485,-226
46288870,102,-444,1242,222,-436,-135
46288880,138,-423,1236,304,-371,-90
46288890,134,-348,1202,337,-305,0
46288900,119,-300,1172,337,-240,45
46288910,110,-273,1145,337,-175,45
46288920,101,-269,1103,337,-126,45
46288930,83,-249,1058,271,-110,0
46288940,60,-225,1026,271,-28,45
46288950,36,-231,999,222,-12,0
46288960,21,-249,971,139,-28,-135
46288970,14,-278,951,123,20,-45
46288980,8,-297,944,106,20,-45
46288990,-12,-300,942,106,4,0
46289000,-39,-308,948,139,-12,0
46289010,-52,-317,951,172,-28,0
46289020,-72,-297,953,172,-77,45
46289030,-82,-279,971,205,-61,90
46289040,-87,-269,984,222,-77,90
46289050,-91,-276,989,222,-110,90
46289060,-90,-273,993,238,-126,90
46289070,-75,-264,995,254,-126,45
46289080,-61,-237,1008,254,-126,45
46289090,-51,-216,1020,254,-110,45
46289100,-43,-204,1028,222,-93,45
46289110,-42,-210,1035,189,-77,0
46289120,-36,-234,1017,139,-61,0
46289130,-33,-254,1002,123,-44,90
46289140,-36,-260,995,106,-44,0
46289150,-31,-267,986,90,-44,90
46289160,-40,-255,987,90,-44,45
46289170,-39,-245,987,90,-61,45
46289180,-55,-240,993,57,-77,135
46289190,-52,-251,992,90,-77,45
46289200,-55,-254,987,106,-61,135
46289210,-48,-249,990,73,-110,45
46289220,-40,-240,996,90,-126,45
46289230,-45,-234,996,106,-77,181
46289240,-54,-222,995,139,-110,-90
46289250,-57,-204,995,139,-110,181
46289260,-67,-198,995,172,-126,0
46289270,-67,-194,987,172,-110,45
46289280,-73,-179,984,139,-142,45
46289290,-72,-170,981,172,-126,45
46289300,-66,-174,981,156,-175,-45
46289310,-54,-177,999,156,-175,-45
46289320,-39,-183,1014,172,-191,-45
46289330,-40,-192,1023,172,-175,0
46289340,-40,-194,1026,172,-175,0
46289350,-37,-198,1032,172,-191,0
46289360,-36,-197,1040,172,-191,0
46289370,-27,-176,1035,189,-191,-45
46289380,-18,-185,1043,189,-191,0
46289390,0,-195,1055,189,-191,0
46289400,20,-200,1061,189,-175,0
46289410,35,-198,1061,205,-159,0
46289420,39,-194,1058,189,-142,0
46289430,38,-189,1061,172,-126,45
46289440,35,-188,1058,172,-110,0
46289450,39,-189,1047,156,-93,0
46289460,47,-186,1043,156,-77,0
46289470,53,-185,1028,139,-61,0
46289480,50,-177,1019,139,-61,0
46289490,54,-189,1010,139,-44,0
46289500,47,-185,1002,139,-44,0
46289510,42,-186,1004,156,-28,0
46289520,36,-183,996,156,-28,0
46289530,35,-180,999,156,-28,0
46289540,33,-179,998,172,-28,-45
46289550,39,-176,999,172,-44,0
46289560,47,-168,998,172,-28,0
46289570,59,-176,992,172,-44,-45
46289580,60,-179,981,189,-44,0
46289590,56,-170,980,189,-44,45
46289600,45,-168,984,189,-61,45
46289610,47,-161,992,172,-61,45
46289620,50,-156,1002,172,-61,45
46289630,44,-167,1005,156,-77,45
46289640,45,-167,1014,156,-77,45
46289650,45,-170,1022,156,-93,0
46289660,44,-177,1037,172,-93,-45
46289670,47,-171,1055,172,-93,-45
46289680,50,-165,1076,189,-93,-45
46289690,54,-159,1101,172,-77,45
46289700,60,-170,1124,189,-61,-45
46289710,56,-182,1160,172,-44,90
46289720,53,-201,1200,205,-28,90
46289730,36,-201,1238,222,-12,135
46289740,38,-183,1305,238,4,135
46289750,56,-182,1362,287,52,181
46289760,89,-152,1428,304,85,135
46289770,137,-144,1515,304,150,181
46289780,183,-156,1581,304,264,181
46289790,225,-165,1650,287,379,181
46289800,258,-189,1716,271,542,226
46289810,311,-203,1770,254,705,271
46289820,359,-216,1806,205,884,316
46289830,401,-225,1808,172,1080,362
46289840,453,-273,1781,156,1276,452
46289850,519,-365,1758,156,1488,543
46289860,579,-461,1733,139,1700,678
46289870,603,-504,1670,156,1944,905
46289880,575,-485,1595,156,2156,950
46289890,509,-485,1553,189,2385,1040
46289900,465,-543,1515,222,2581,1176
46289910,420,-524,1410,254,2776,1267
46289920,330,-491,1331,320,2939,1312
46289930,246,-459,1214,353,3037,1402
46289940,128,-281,1014,403,3200,1448
46289950,-4,-120,828,403,3282,1448
46289960,-106,-41,656,370,3298,1493
46289970,-162,9,513,337,3282,1493
46289980,-172,28,360,337,3249,1493
46289990,-175,46,203,320,3184,1538
46290000,-234,106,44,320,3119,1538
46290010,-325,135,-39,370,3037,1538
46290020,-387,121,-61,403,2956,1538
46290030,-402,106,-7,436,2874,1583
46290040,-369,67,66,452,2760,1538
46290050,-310,19,123,502,2695,1583
46290060,-246,-14,120,584,2597,1583
46290070,-192,7,59,666,2532,1493
46290080,-154,43,-27,749,2450,1357
46290090,-138,106,-142,782,2368,1312
46290100,-82,282,-315,732,2254,1221
46290110,-211,276,-480,633,2140,1221
46290120,-277,367,-675,452,1944,1176
46290130,-358,498,-898,172,1732,1176
46290140,-463,687,-1108,-206,1439,1040
46290150,-631,921,-1317,-585,1129,1040
46290160,-826,1131,-1530,-898,705,814
46290170,-1014,1261,-1618,-1112,297,678
46290180,-1045,1177,-1645,-1145,-191,407
46290190,-952,1081,-1720,-997,-713,0
46290200,-796,1192,-1836,-766,-1186,-543
46290210,-622,1386,-1837,-486,-1675,-1176
46290220,-394,1486,-1606,-255,-2181,-1719
46290230,-250,1542,-1384,-58,-2638,-2081
46290240,-184,1645,-1171,24,-3225,-2534
46290250,-90,1668,-1080,-41,-3812,-2760
46290260,60,1555,-1027,-173,-4220,-2986
46290270,180,1330,-924,-305,-4530,-3077
46290280,273,1041,-708,-519,-4742,-2941
46290290,306,652,-445,-815,-4856,-2715
46290300,188,310,-160,-1161,-4872,-2670
46290310,-159,210,-306,-1689,-4970,-2715
46290320,-306,625,-543,-1903,-5247,-2896
46290330,846,159,378,-1359,-5182,-3213
46290340,2019,-1149,1749,-420,-5019,-3032
46290350,2020,-2050,2014,518,-4742,-2398
46290360,2020,-2050,2014,1424,-3910,-2081
46290370,2020,-1752,2014,1853,-3045,-1674
46290380,1790,-794,2014,1045,-2165,-1221
46290390,1583,-530,2014,40,-1398,-1040
46290400,1164,-1007,2014,-568,-746,-543
46290410,680,-1119,2014,-717,-273,-362
46290420,267,-980,2014,-568,52,-362
46290430,-100,-767,1749,-420,232,-271
46290440,-336,-504,1530,-321,313,-181
46290450,-412,-351,1362,-272,330,-90
46290460,-415,-282,1206,-272,297,0
46290470,-408,-279,1089,-255,248,45
46290480,-420,-282,1005,-222,183,45
46290490,-430,-270,942,-140,101,0
46290500,-405,-258,921,-41,20,0
46290510,-340,-236,905,57,-77,0
46290520,-268,-222,926,139,-159,0
46290530,-201,-234,956,222,-224,45
46290540,-168,-252,996,287,-256,45
46290550,-129,-236,1016,353,-273,135
46290560,-97,-200,1022,403,-273,135
46290570,-60,-156,1038,436,-256,90
46290580,-39,-138,1047,419,-224,135
46290590,-22,-138,1038,403,-191,135
46290600,3,-135,1035,370,-159,90
46290610,21,-131,1028,337,-110,90
46290620,38,-129,1022,304,-77,45
46290630,45,-128,998,254,-44,0
46290640,39,-128,986,205,-12,0
46290650,23,-143,975,139,4,-45
46290660,17,-162,965,73,20,-90
46290670,-13,-183,951,24,20,-45
46290680,-39,-195,954,7,20,-45
46290690,-75,-203,951,7,4,0
46290700,-106,-195,962,24,-12,45
46290710,-124,-198,966,73,-44,0
46290720,-139,-209,978,73,-77,45
46290730,-142,-215,981,123,-77,90
46290740,-145,-212,989,139,-110,90
46290750,-147,-216,987,156,-126,90
46290760,-133,-225,992,156,-159,90
46290770,-120,-236,999,172,-175,90
46290780,-105,-255,1010,189,-175,135
46290790,-84,-263,1014,189,-191,135
46290800,-88,-261,1019,205,-191,135
46290810,-79,-272,1019,205,-191,181
46290820,-73,-296,1019,205,-191,181
46290830,-66,-312,1014,172,-191,226
46290840,-63,-329,1010,156,-191,316
46290850,-51,-368,1002,139,-208,316
46290860,-51,-387,999,139,-191,407
46290870,-54,-396,1002,139,-208,452
46290880,-51,-396,1025,172,-208,543
46290890,-52,-393,1032,205,-224,543
46290900,-63,-416,1032,238,-208,633
46290910,-76,-423,1020,254,-208,678
46290920,-88,-414,1010,271,-208,769
46290930,-79,-435,1002,287,-240,814
46290940,-63,-462,995,287,-224,905
46290950,-51,-474,986,254,-240,1040
46290960,-55,-471,1008,222,-256,1086
46290970,-40,-435,1050,222,-256,1131
46290980,-37,-449,1083,222,-240,1267
46290990,-21,-506,1091,205,-224,1357
46291000,-3,-533,1080,189,-224,1402
46291010,2,-533,1040,139,-208,1538
46291020,-6,-545,1008,123,-208,1629
46291030,-7,-578,1016,123,-224,1719
46291040,24,-615,1058,156,-224,1855
46291050,72,-545,1115,156,-208,1991
46291060,95,-476,1172,189,-159,2036
46291070,81,-477,1214,172,-93,2126
46291080,60,-470,1221,123,-44,2217
46291090,63,-476,1206,73,4,2353
46291100,59,-440,1163,7,52,2398
46291110,62,-420,1125,-58,69,2534
46291120,69,-449,1100,-90,101,2534
46291130,77,-441,1101,-90,101,2624
46291140,74,-420,1109,-41,118,2670
46291150,75,-420,1127,-8,134,2805
46291160,90,-419,1122,-25,167,2851
46291170,92,-387,1095,-8,183,2896
46291180,87,-375,1073,7,199,2941
46291190,96,-327,1044,40,216,2896
46291200,107,-252,1040,90,216,2941
46291210,123,-195,1053,156,232,2941
46291220,125,-152,1061,172,264,2896
46291230,129,-143,1076,189,281,2896
46291240,155,-134,1088,172,313,2896
46291250,171,-111,1070,205,362,2851
46291260,170,-35,1062,205,379,2851
46291270,161,45,1053,271,444,2715
46291280,149,81,1053,304,477,2670
46291290,162,93,1050,304,509,2579
46291300,192,79,1043,353,542,2489
46291310,230,91,1004,386,607,2443
46291320,231,163,953,403,607,2308
46291330,195,204,896,469,656,2172
46291340,180,240,858,452,656,2126
46291350,177,301,818,419,656,2036
46291360,174,345,800,320,607,1855
46291370,183,352,800,304,607,1810
46291380,192,382,816,238,558,1674
46291390,216,409,836,238,525,1538
46291400,245,423,849,222,460,1357
46291410,278,415,878,254,428,1267
46291420,308,396,867,287,362,1176
46291430,321,427,849,320,330,1040
46291440,315,487,825,337,264,859
46291450,324,535,813,337,150,633
46291460,344,601,833,337,85,497
46291470,381,657,840,353,20,316
46291480,420,679,852,353,-77,90
46291490,435,696,864,337,-126,-45
46291500,444,709,884,304,-208,-226
46291510,446,733,900,254,-273,-407
46291520,440,786,899,238,-322,-588
46291530,441,837,899,205,-403,-905
46291540,459,894,890,172,-468,-1131
46291550,495,961,875,123,-550,-1402
46291560,531,1000,851,57,-615,-1719
46291570,587,1017,845,7,-713,-2036
46291580,660,1041,819,-25,-778,-2353
46291590,723,1084,798,-41,-860,-2760
46291600,764,1138,794,-8,-909,-3122
46291610,809,1194,785,40,-958,-3529
46291620,866,1266,752,57,-1007,-3937
46291630,927,1212,681,172,-1072,-4344
46291640,987,997,650,419,-1153,-4706
46291650,1004,874,632,683,-1219,-4932
46291660,980,904,599,996,-1284,-5023
46291670,969,1006,621,1227,-1414,-5023
46291680,1082,1000,845,1292,-1561,-5023
46291690,1373,757,1101,1045,-1692,-5023
46291700,1677,501,1223,469,-1708,-5023
46291710,1838,144,1385,205,-1659,-5023
46291720,1980,-221,1617,-58,-1659,-5068
46291730,2020,-608,1940,-173,-1496,-5023
46291740,2020,-1502,2014,-140,-1268,-4932
46291750,2020,-2050,2014,123,-1056,-4706
46291760,2020,-2050,2014,205,-778,-4389
46291770,1860,-2050,2014,106,-256,-3846
46291780,1413,-2050,1928,-222,216,-3077
46291790,750,-2050,1679,-552,607,-2262
46291800,96,-2050,1520,-700,721,-1538
46291810,-297,-2050,1350,-618,721,-1040
46291820,-430,-1671,1155,-387,640,-769
46291830,-462,-1301,956,-156,591,-588
46291840,-499,-1056,831,7,525,-407
46291850,-517,-816,789,106,428,-271
46291860,-511,-597,785,156,346,-181
46291870,-501,-450,767,189,264,-90
46291880,-478,-356,761,189,199,-45
46291890,-427,-287,771,205,134,-45
46291900,-358,-261,779,238,85,-135
46291910,-270,-222,803,238,52,-90
46291920,-214,-171,833,238,36,-45
46291930,-175,-141,863,189,20,-45
46291940,-144,-129,887,156,36,-45
46291950,-121,-101,896,106,36,45
46291960,-102,-77,909,73,52,0
46291970,-97,-54,920,57,69,45
46291980,-108,-41,929,24,69,45
46291990,-129,-38,932,24,85,45
46292000,-135,-26,939,-8,69,90
46292010,-135,-18,948,7,52,0
46292020,-138,-15,951,40,69,45
46292030,-132,6,957,40,52,0
46292040,-127,25,971,40,52,0
46292050,-114,40,978,7,52,-45
46292060,-112,49,984,-41,36,0
46292070,-114,55,993,-90,36,-45
46292080,-117,57,993,-156,20,-45
46292090,-129,19,992,-189,20,-90
46292100,-141,-30,987,-206,4,-45
46292110,-145,-60,993,-156,4,-135
46292120,-153,-63,992,-140,-12,-45
46292130,-166,-74,1001,-107,-28,-45
46292140,-165,-80,1014,-90,-44,-45
46292150,-166,-87,1028,-74,-61,0
46292160,-165,-95,1037,-58,-77,0
46292170,-159,-116,1035,-41,-93,45
46292180,-159,-120,1032,24,-93,0
46292190,-151,-119,1031,57,-110,90
46292200,-138,-117,1034,106,-110,45
46292210,-124,-107,1035,123,-126,135
46292220,-115,-86,1044,156,-142,135
46292230,-109,-65,1050,189,-126,90
46292240,-103,-33,1056,205,-126,90
46292250,-106,-8,1047,189,-126,135
46292260,-117,-5,1046,189,-110,135
46292270,-118,0,1044,156,-93,135
46292280,-121,-2,1038,123,-77,90
46292290,-126,-15,1035,106,-77,135
46292300,-127,-14,1031,90,-61,90
46292310,-139,-17,1023,90,-61,90
46292320,-147,-24,1017,90,-77,45
46292330,-144,-29,1017,73,-77,0
46292340,-142,-45,1014,73,-61,45
46292350,-142,-60,1010,57,-93,0
46292360,-142,-54,1005,57,-77,0
46292370,-159,-59,1008,40,-93,0
46292380,-157,-60,1004,57,-77,45
46292390,-153,-71,1011,24,-110,0
46292400,-138,-90,1017,57,-93,0
46292410,-124,-107,1019,57,-93,45
46292420,-109,-111,1017,40,-110,0
46292430,-115,-111,1017,73,-93,45
46292440,-112,-107,1017,57,-110,45
46292450,-118,-108,1022,73,-77,90
46292460,-118,-114,1022,73,-93,90
46292470,-112,-132,1016,73,-77,135
46292480,-108,-135,1019,73,-61,181
46292490,-105,-149,1010,73,-77,181
46292500,-100,-158,996,73,-61,135
46292510,-111,-167,987,73,-61,226
46292520,-117,-189,980,90,-61,226
46292530,-117,-222,968,73,-77,271
46292540,-117,-258,948,73,-77,271
46292550,-126,-302,933,57,-126,362
46292560,-115,-327,944,73,-126,452
46292570,-108,-326,954,90,-175,452
46292580,-103,-339,959,139,-159,588
46292590,-115,-384,948,139,-191,633
46292600,-103,-417,944,172,-208,724
46292610,-88,-453,947,205,-224,814
46292620,-66,-468,945,222,-256,905
46292630,-46,-476,963,238,-256,950
46292640,-16,-470,1005,238,-273,1086
46292650,-6,-428,1028,254,-256,1176
46292660,-3,-425,1055,238,-256,1312
46292670,14,-410,1071,205,-240,1402
46292680,18,-414,1077,172,-208,1538
46292690,30,-453,1079,139,-175,1719
46292700,50,-455,1085,90,-175,1764
46292710,62,-429,1085,57,-159,1855
46292720,71,-426,1089,7,-142,1991
46292730,84,-431,1100,-25,-142,2081
46292740,110,-468,1116,-8,-93,2217
46292750,156,-470,1154,-25,-77,2353
46292760,183,-441,1151,-74,-110,2353
46292770,189,-444,1154,-58,-77,2443
46292780,206,-444,1214,-25,-44,2624
46292790,240,-393,1238,-8,-12,2624
46292800,261,-378,1229,-8,36,2760
46292810,273,-360,1242,-8,69,2851
46292820,302,-366,1253,7,118,2851
46292830,354,-396,1272,40,167,2941
46292840,414,-413,1281,57,199,3032
46292850,453,-417,1269,156,297,3122
46292860,464,-323,1265,205,362,3077
46292870,458,-243,1292,254,444,3167
46292880,482,-105,1337,238,525,3213
46292890,539,54,1397,172,640,3213
46292900,576,90,1377,57,754,3213
46292910,548,159,1295,-74,868,3213
46292920,486,180,1214,-123,950,3167
46292930,416,190,1116,-156,1015,3122
46292940,378,294,1068,-140,1031,2986
46292950,389,375,1076,-8,1031,2896
46292960,405,379,1056,73,1031,2715
46292970,407,451,1035,123,1064,2624
46292980,398,511,1038,189,1080,2489
46292990,392,537,995,189,1096,2308
46293000,354,616,927,139,1064,2172
46293010,327,687,896,156,1080,1991
46293020,299,705,851,90,1015,1855
46293030,269,745,825,57,982,1674
46293040,237,771,816,7,917,1538
46293050,231,775,816,-41,819,1357
46293060,224,765,813,-58,721,1176
46293070,233,756,819,-41,623,995
46293080,260,727,828,24,525,814
46293090,285,726,819,106,411,588
46293100,263,748,810,189,313,407
46293110,251,787,800,254,199,181
46293120,243,814,782,304,69,-45
46293130,240,840,773,353,-61,-271
46293140,248,871,770,386,-191,-452
46293150,258,901,780,419,-338,-678
46293160,282,948,798,436,-468,-859
46293170,323,1015,830,403,-599,-1176
46293180,387,1092,855,337,-729,-1402
46293190,483,1206,837,287,-844,-1855
46293200,569,1369,773,189,-925,-2217
46293210,635,1678,687,7,-990,-2715
46293220,689,1977,573,-206,-1072,-3303
46293230,746,2045,500,-371,-1153,-3710
46293240,800,1969,452,-436,-1235,-4208
46293250,885,1585,432,-272,-1317,-4661
46293260,1014,1281,381,139,-1382,-5023
46293270,1097,1132,395,699,-1431,-4978
46293280,1193,1135,489,1078,-1496,-5023
46293290,1407,1095,971,1045,-1578,-5068
46293300,1860,523,1460,633,-1741,-5068
46293310,2020,-237,1758,57,-1724,-5068
46293320,2020,-1155,1979,90,-1610,-5068
46293330,2020,-1511,1985,320,-1349,-4978
46293340,2020,-2050,1776,765,-1056,-4661
46293350,1976,-2050,1899,1062,-941,-4389
46293360,1827,-2050,2014,765,-697,-4163
46293370,1830,-1917,1937,205,-354,-3620
46293380,1460,-2050,1592,-272,101,-2986
46293390,680,-2050,1356,-552,460,-2398
46293400,-27,-2050,1206,-535,493,-1810
46293410,-333,-1821,1119,-338,362,-1176
46293420,-352,-1485,1022,-41,232,-769
46293430,-273,-1211,902,189,134,-588
46293440,-252,-977,848,337,69,-497
46293450,-289,-794,810,452,20,-407
46293460,-313,-633,818,535,-44,-316
46293470,-307,-491,831,584,-110,-181
46293480,-264,-363,849,584,-142,-135
46293490,-198,-267,860,551,-159,-135
46293500,-127,-212,851,469,-175,-135
46293510,-67,-167,873,370,-159,-90
46293520,-27,-147,897,287,-126,-90
46293530,0,-170,921,222,-93,0
46293540,17,-189,950,205,-77,45
46293550,20,-170,965,189,-28,45
46293560,12,-125,972,189,4,135
46293570,-7,-75,977,189,52,135
46293580,-24,-32,981,156,69,181
46293590,-45,13,972,106,101,181
46293600,-67,45,965,57,118,181
46293610,-82,54,963,24,134,181
46293620,-69,52,969,-25,118,135
46293630,-37,66,975,-74,118,90
46293640,-24,82,965,-123,118,90
46293650,-25,93,963,-156,101,45
46293660,-30,70,956,-173,101,45
46293670,-33,63,959,-206,85,0
46293680,-42,55,975,-222,85,-45
46293690,-60,49,995,-222,52,-45
46293700,-78,37,1001,-222,36,-45
46293710,-85,21,1011,-206,4,0
46293720,-94,3,1019,-156,-12,-45
46293730,-94,-24,1017,-90,-28,45
46293740,-88,-45,1016,-25,-44,45
46293750,-75,-48,1032,40,-77,90
46293760,-57,-32,1035,106,-110,90
46293770,-39,-14,1050,156,-126,90
46293780,-19,16,1053,189,-126,90
46293790,-7,19,1038,205,-142,90
46293800,0,28,1026,205,-142,90
46293810,3,40,1028,222,-126,45
46293820,8,49,1028,205,-142,90
46293830,9,48,1032,205,-142,45
46293840,5,48,1035,189,-126,45
46293850,8,55,1040,189,-126,45
46293860,2,61,1038,172,-110,45
46293870,0,63,1034,156,-110,90
46293880,-9,58,1026,106,-110,45
46293890,-16,45,1011,90,-93,135
46293900,-28,21,1002,73,-110,45
46293910,-30,12,1001,73,-110,45
46293920,-33,9,1005,73,-110,45
46293930,-37,-3,1014,57,-126,45
46293940,-36,-20,1017,24,-142,90
46293950,-37,-35,1011,57,-126,0
46293960,-34,-54,1008,57,-126,45
46293970,-27,-77,1011,40,-175,-45
46293980,-4,-108,1008,73,-126,45
46293990,11,-137,1002,73,-126,90
46294000,29,-173,987,57,-126,135
46294010,24,-213,971,24,-142,226
46294020,21,-260,974,24,-126,316
46294030,33,-275,1014,-8,-142,362
46294040,66,-317,1043,-25,-126,452
46294050,86,-369,1038,-74,-110,543
46294060,87,-426,1034,-90,-93,633
46294070,95,-485,1032,-74,-93,724
46294080,111,-546,1032,-41,-77,859
46294090,131,-608,1053,-8,-61,950
46294100,158,-687,1082,40,-44,1131
46294110,189,-756,1088,106,-28,1312
46294120,213,-785,1109,156,-12,1493
46294130,254,-806,1115,189,20,1629
46294140,291,-789,1119,172,52,1945
46294150,303,-738,1109,189,85,2126
46294160,311,-693,1139,205,101,2353
46294170,332,-641,1187,222,150,2443
46294180,362,-615,1203,222,199,2624
46294190,375,-594,1190,205,264,2760
46294200,360,-533,1178,205,313,2896
46294210,347,-488,1137,189,379,3032
46294220,348,-408,1164,172,411,3122
46294230,383,-260,1220,139,460,3077
46294240,413,-156,1265,73,542,3213
46294250,426,-86,1292,-25,623,3303
46294260,423,-84,1281,-90,705,3303
46294270,384,-90,1233,-140,770,3303
46294280,350,-87,1193,-189,803,3303
46294290,351,-66,1184,-173,819,3348
46294300,389,42,1196,-123,835,3258
46294310,414,193,1256,-74,917,3213
46294320,435,252,1271,-25,998,3258
46294330,422,315,1230,-58,1031,3167
46294340,363,334,1158,-58,1113,3122
46294350,288,393,1022,-107,1129,3077
46294360,221,502,941,-140,1113,2941
46294370,210,529,920,-156,1080,2805
46294380,249,606,923,-173,1031,2715
46294390,284,678,962,-140,998,2534
46294400,299,667,944,-189,966,2443
46294410,246,711,897,-255,933,2353
46294420,180,730,845,-255,868,2172
46294430,147,745,827,-272,770,1991
46294440,189,790,855,-255,672,1810
46294450,237,787,876,-222,574,1629
46294460,270,801,896,-222,493,1402
46294470,266,811,926,-173,411,1221
46294480,261,807,939,-90,330,995
46294490,282,816,953,7,232,724
46294500,318,834,954,90,134,407
46294510,338,870,945,156,52,135
46294520,345,927,950,205,-28,-181
46294530,353,967,932,222,-126,-407
46294540,353,957,890,222,-240,-769
46294550,371,942,866,222,-354,-1040
46294560,410,910,843,222,-485,-1267
46294570,453,882,857,254,-599,-1538
46294580,515,901,881,337,-697,-1900
46294590,572,933,890,436,-811,-2217
46294600,618,1003,906,600,-893,-2579
46294610,657,1128,894,732,-941,-2986
46294620,675,1299,833,831,-1007,-3439
46294630,690,1482,753,881,-1056,-3891
46294640,702,1606,650,848,-1121,-4389
46294650,690,1548,516,831,-1202,-4706
46294660,692,1354,386,897,-1333,-4932
46294670,735,1135,324,1045,-1447,-5023
46294680,848,844,465,1259,-1594,-5068
46294690,1079,550,743,1111,-1659,-5023
46294700,1422,60,1242,848,-1806,-5068
46294710,1592,-447,1793,600,-1822,-4978
46294720,1725,-1008,2014,716,-1692,-4842
46294730,1604,-1518,1872,864,-1594,-4570
46294740,1418,-1965,1952,1012,-1496,-4027
46294750,1481,-2021,2014,913,-1431,-3665
46294760,1562,-2050,2014,551,-1121,-3167
46294770,1416,-2007,2014,189,-648,-2534
46294780,1098,-1842,1892,-41,-159,-1900
46294790,675,-1676,1565,-239,183,-1448
46294800,224,-1590,1397,-371,395,-995
46294810,-135,-1410,1247,-354,477,-588
46294820,-324,-1109,1103,-239,493,-362
46294830,-402,-851,992,-90,460,-226
46294840,-415,-660,900,40,395,-90
46294850,-409,-483,834,123,346,0
46294860,-420,-317,810,189,281,45
46294870,-429,-186,818,205,216,90
46294880,-429,-111,828,205,150,135
46294890,-393,-83,831,205,101,135
46294900,-309,-53,842,172,36,135
46294910,-226,-18,852,139,4,226
46294920,-163,10,863,106,-12,135
46294930,-135,21,881,73,-12,135
46294940,-120,13,908,57,-28,135
46294950,-99,10,933,24,-77,90
46294960,-75,22,954,57,-28,135
46294970,-57,39,965,57,-28,135
46294980,-40,42,977,57,-28,181
46294990,-12,40,990,73,-12,181
46295000,5,60,992,73,-12,181
46295010,-3,70,981,106,4,226
46295020,-4,75,977,139,4,271
46295030,-4,99,974,139,-12,226
46295040,11,130,971,139,-12,271
46295050,27,168,974,106,-28,226
46295060,32,195,971,73,-28,226
46295070,48,214,971,40,-28,181
46295080,62,234,962,7,-44,135
46295090,69,240,950,-25,-61,135
46295100,69,237,935,-41,-77,135
46295110,77,228,932,-41,-110,135
46295120,96,238,927,-41,-142,135
46295130,111,250,939,7,-191,90
46295140,128,270,948,57,-224,90
46295150,143,294,954,139,-240,90
46295160,161,328,965,172,-289,0
46295170,170,367,972,205,-322,-45
46295180,182,394,977,222,-354,0
46295190,192,436,989,254,-354,-135
46295200,203,490,996,222,-387,-181
46295210,224,537,999,189,-387,-271
46295220,237,580,999,106,-436,-407
46295230,266,640,1002,57,-420,-497
46295240,306,708,1002,-25,-436,-543
46295250,347,753,1011,-156,-436,-724
46295260,363,774,1010,-255,-436,-950
46295270,371,760,1002,-387,-436,-1086
46295280,387,745,1002,-502,-436,-1221
46295290,408,721,987,-568,-403,-1402
46295300,423,660,965,-634,-403,-1538
46295310,438,564,944,-651,-403,-1764
46295320,447,505,950,-568,-420,-1945
46295330,470,460,953,-502,-436,-2126
46295340,489,424,956,-436,-420,-2262
46295350,503,394,956,-371,-436,-2443
46295360,515,364,969,-338,-452,-2534
46295370,546,330,990,-305,-468,-2624
46295380,588,286,1013,-321,-468,-2715
46295390,642,253,1038,-371,-485,-2805
46295400,693,228,1056,-453,-468,-2896
46295410,741,205,1073,-519,-452,-2986
46295420,800,157,1109,-535,-420,-3077
46295430,888,57,1133,-502,-387,-3167
46295440,929,-36,1079,-519,-354,-3258
46295450,941,-123,1032,-568,-305,-3213
46295460,944,-200,986,-618,-256,-3213
46295470,936,-257,951,-651,-208,-3213
46295480,930,-312,920,-684,-175,-3213
46295490,912,-360,917,-733,-142,-3122
46295500,914,-447,923,-782,-110,-3077
46295510,905,-528,926,-848,-77,-2941
46295520,884,-584,924,-848,-61,-2851
46295530,846,-615,890,-848,-28,-2715
46295540,797,-633,864,-815,-12,-2579
46295550,735,-645,833,-799,4,-2443
46295560,689,-656,809,-733,4,-2308
46295570,647,-663,792,-667,-12,-2172
46295580,623,-695,813,-568,-12,-1991
46295590,612,-774,828,-453,-28,-1945
46295600,575,-792,819,-354,-28,-1719
46295610,519,-777,836,-222,-28,-1674
46295620,455,-708,825,-123,-28,-1583
46295630,395,-632,797,-90,-61,-1493
46295640,338,-602,785,-58,-93,-1448
46295650,216,-656,533,-41,-126,-1357
46295660,290,-632,803,-74,-77,-1221
46295670,459,-482,1289,-206,4,-1040
46295680,398,-918,1011,-156,-28,-950
46295690,246,-1250,876,-486,-61,-226
46295700,86,-1187,830,-354,-28,-271
46295710,63,-881,828,-222,-61,-452
46295720,215,-521,704,7,-93,-678
46295730,342,-771,875,370,-61,-588
46295740,326,-1235,963,666,-28,-181
46295750,272,-1086,939,815,-44,-45
46295760,120,-413,858,716,36,-45
46295770,-15,-24,836,535,69,-45
46295780,-43,61,900,172,85,-45
46295790,-48,-50,929,-239,101,45
46295800,-28,-284,927,-535,85,90
46295810,5,-450,918,-601,69,135
46295820,69,-533,905,-469,4,135
46295830,120,-558,911,-239,-44,135
46295840,155,-557,912,24,-77,90
46295850,171,-525,917,254,-110,90
46295860,180,-453,920,386,-126,90
46295870,182,-426,924,452,-126,90
46295880,182,-386,927,469,-126,181
46295890,183,-377,932,452,-126,181
46295900,189,-368,942,403,-126,181
46295910,195,-372,935,337,-93,226
46295920,201,-390,929,271,-93,271
46295930,209,-417,918,156,-93,362
46295940,224,-446,921,139,-61,316
46295950,224,-459,914,73,-44,362
46295960,213,-473,896,-41,-12,407
46295970,182,-501,876,-173,-28,362
46295980,155,-507,863,-338,4,497
46295990,149,-518,813,-486,20,543
46296000,161,-563,756,-684,20,543
46296010,170,-636,729,-881,4,633
46296020,180,-705,690,-1079,-44,588
46296030,182,-810,621,-1227,-61,678
46296040,204,-948,564,-1359,-110,769
46296050,222,-1052,500,-1441,-175,814
46296060,248,-1175,399,-1425,-273,905
46296070,311,-1344,353,-1293,-403,1040
46296080,414,-1445,320,-1128,-550,1176
46296090,545,-1484,303,-931,-680,1312
46296100,710,-1563,288,-684,-795,1493
46296110,896,-1728,336,-272,-909,1764
46296120,1157,-1845,498,254,-958,2036
46296130,1451,-1889,597,782,-925,2443
46296140,1703,-1973,584,1243,-860,2896
46296150,1940,-2050,609,1572,-795,3529
46296160,2020,-2050,650,1754,-762,4072
46296170,2020,-2050,677,1918,-811,3982
46296180,2020,-2050,857,2067,-795,4027
46296190,2020,-1845,893,2017,-746,4027
46296200,2020,-1550,708,1886,-648,4027
46296210,2020,-1155,702,1540,-583,3982
46296220,2020,-479,630,1276,-420,4027
46296230,2020,399,867,946,-256,3937
46296240,2020,1188,1098,568,-44,4027
46296250,2020,1653,1122,90,69,4027
46296260,1925,1903,1010,-436,134,4072
46296270,1608,1927,935,-766,118,3982
46296280,1290,1710,1022,-865,4,3982
46296290,1058,1312,1076,-684,-110,3620
46296300,930,1006,1094,-371,-191,3303
46296310,858,924,1101,-107,-175,3032
46296320,782,994,1092,7,-175,2624
46296330,642,1021,1067,57,-93,2398
46296340,489,945,995,24,-77,2126
46296350,386,801,942,7,-110,1855
46296360,374,601,909,57,-159,1629
46296370,398,382,897,205,-208,1357
46296380,404,222,890,386,-224,1131
46296390,390,162,935,600,-224,905
46296400,368,174,1022,749,-224,678
46296410,353,201,1080,798,-175,543
46296420,314,226,1109,699,-142,452
46296430,264,229,1139,502,-110,362
46296440,201,225,1130,271,-77,362
46296450,138,189,1116,-25,-44,362
46296460,78,118,1122,-239,-44,316
46296470,30,22,1145,-371,-44,316
46296480,-3,-86,1145,-387,-44,316
46296490,-15,-186,1127,-305,-61,271
46296500,-36,-251,1103,-156,-61,226
46296510,-45,-275,1068,-8,-44,181
46296520,-54,-254,1034,123,-44,181
46296530,-69,-206,995,238,-44,90
46296540,-88,-174,989,287,-61,90
46296550,-106,-159,1005,320,-61,135
46296560,-127,-134,1020,353,-77,90
46296570,-136,-107,1043,370,-110,90
46296580,-153,-104,1056,370,-110,90
46296590,-153,-98,1053,337,-126,45
46296600,-147,-72,1044,320,-126,0
46296610,-141,-53,1040,271,-142,0
46296620,-139,-47,1050,205,-142,0
46296630,-138,-45,1049,123,-126,0
46296640,-129,-29,1050,57,-126,-45
46296650,-126,-44,1059,-8,-110,-45
46296660,-115,-72,1055,-41,-93,-90
46296670,-108,-95,1044,-41,-61,-135
46296680,-105,-107,1035,-8,-44,-181
46296690,-103,-131,1031,40,-28,-181
46296700,-93,-123,1028,106,4,-181
46296710,-82,-102,1031,172,20,-226
46296720,-88,-81,1037,222,36,-271
46296730,-79,-81,1038,254,52,-271
46296740,-60,-75,1046,271,52,-316
46296750,-36,-51,1067,271,69,-362
46296760,-22,-27,1082,287,85,-362
46296770,-21,-27,1092,271,85,-407
46296780,-27,-11,1100,238,85,-452
46296790,-36,0,1085,238,101,-452
46296800,-49,13,1076,222,101,-497
46296810,-64,16,1067,205,101,-543
46296820,-64,18,1064,205,85,-543
46296830,-52,18,1071,222,85,-588
46296840,-39,24,1071,271,85,-633
46296850,-39,28,1070,304,69,-678
46296860,-31,43,1073,353,69,-769
46296870,-30,63,1073,403,69,-814
46296880,-19,84,1076,469,52,-859
46296890,-9,100,1082,535,52,-950
46296900,12,117,1095,600,36,-905
46296910,27,115,1101,666,36,-1086
46296920,30,112,1110,650,20,-1040
46296930,23,135,1103,699,20,-1221
46296940,12,199,1065,650,-12,-1312
46296950,2,273,1043,650,4,-1402
46296960,23,312,1028,568,-12,-1493
46296970,41,313,1026,485,-28,-1538
46296980,48,313,1020,403,-28,-1629
46296990,56,309,1041,353,-44,-1719
46297000,71,286,1047,353,-44,-1855
46297010,81,274,1050,337,-44,-1991
46297020,99,240,1055,337,-77,-2081
46297030,111,214,1037,403,-61,-2126
46297040,111,225,1014,403,-77,-2262
46297050,110,232,1004,370,-93,-2398
46297060,164,165,1055,337,-110,-2443
46297070,221,57,1071,254,-110,-2534
46297080,254,-20,1023,156,-110,-2579
46297090,248,-72,984,90,-126,-2579
46297100,236,-129,990,57,-126,-2579
46297110,242,-227,1019,40,-126,-2489
46297120,281,-350,1088,40,-126,-2443
46297130,326,-456,1137,24,-110,-2398
46297140,341,-458,1125,-25,-77,-2262
46297150,320,-440,1091,-90,-61,-2262
46297160,279,-435,1031,-140,-28,-2126
46297170,239,-477,980,-206,-12,-2126
46297180,216,-509,951,-255,-12,-1991
46297190,176,-482,902,-288,20,-1991
46297200,135,-495,822,-338,-12,-1900
46297210,122,-594,809,-288,-12,-1855
46297220,120,-675,809,-239,-61,-1764
46297230,125,-716,833,-107,-77,-1674
46297240,116,-693,809,-8,-110,-1583
46297250,92,-621,786,57,-142,-1538
46297260,59,-549,749,40,-191,-1493
46297270,21,-518,750,7,-240,-1493
46297280,6,-501,729,-107,-305,-1402
46297290,-18,-512,770,-156,-322,-1312
46297300,11,-548,791,-239,-403,-1312
46297310,38,-561,815,-288,-420,-1267
46297320,38,-525,774,-321,-436,-1176
46297330,33,-488,770,-387,-501,-1267
46297340,38,-504,773,-420,-501,-1176
46297350,71,-581,746,-486,-534,-1176
46297360,95,-638,771,-568,-566,-1131
46297370,153,-696,743,-618,-599,-1086
46297380,185,-741,743,-717,-615,-1040
46297390,234,-815,740,-799,-632,-950
46297400,285,-920,714,-881,-632,-859
46297410,341,-1047,696,-914,-632,-724
46297420,402,-1259,668,-848,-615,-543
46297430,461,-1436,623,-717,-599,-316
46297440,545,-1620,617,-502,-566,-45
46297450,674,-1853,632,-189,-501,407
46297460,860,-2050,776,172,-387,950
46297470,1145,-2050,975,370,-175,1719
46297480,1482,-2050,956,386,85,2624
46297490,1731,-2050,884,452,313,3575
46297500,1845,-2050,816,683,477,4027
46297510,2020,-2050,821,1161,493,3982
46297520,2020,-2050,785,1589,509,3982
46297530,2020,-2050,648,1787,640,3982
46297540,2020,-1410,581,1688,754,3982
46297550,1958,-485,600,1243,884,3982
46297560,1421,129,600,699,901,4027
46297570,1098,424,645,139,656,4027
46297580,1182,723,696,-338,379,3982
46297590,1346,997,791,-782,134,4027
46297600,1235,1102,957,-964,-12,4027
46297610,996,1107,1217,-865,-110,4072
46297620,860,1206,1307,-700,-126,4027
46297630,780,1423,1227,-651,-93,4027
46297640,669,1608,1167,-733,-28,3710
46297650,518,1558,1106,-865,20,3348
46297660,363,1329,1065,-964,52,2941
46297670,269,1065,1058,-914,52,2579
46297680,255,847,1061,-733,52,2172
46297690,297,718,1056,-552,69,1810
46297700,318,643,1011,-387,85,1493
46297710,296,568,987,-272,101,1267
46297720,263,496,993,-206,134,995
46297730,213,423,986,-206,118,814
46297740,126,334,981,-189,134,633
46297750,48,265,999,-206,85,452
46297760,23,213,1002,-206,52,316
46297770,23,109,1013,-239,-12,271
46297780,-12,10,1019,-239,-44,181
46297790,-63,-65,1035,-206,-93,135
46297800,-108,-122,1061,-140,-126,45
46297810,-145,-164,1088,-74,-159,45
46297820,-156,-186,1104,-25,-191,0
46297830,-151,-203,1091,7,-208,0
46297840,-148,-230,1080,57,-208,45
46297850,-160,-245,1055,106,-191,45
46297860,-165,-248,1037,139,-175,45
46297870,-186,-245,1025,172,-142,45
46297880,-205,-249,1019,222,-142,45
46297890,-229,-240,1028,271,-142,0
46297900,-246,-204,1041,304,-142,0
46297910,-267,-158,1049,320,-159,-45
46297920,-280,-131,1056,271,-175,45
46297930,-295,-107,1055,254,-159,-45
46297940,-301,-110,1061,189,-159,-45
46297950,-306,-132,1055,139,-159,-45
46297960,-304,-138,1053,90,-175,-45
46297970,-294,-143,1061,40,-159,-45
46297980,-292,-162,1064,7,-126,0
46297990,-300,-194,1037,-25,-110,0
46298000,-295,-210,1016,-41,-77,0
46298010,-310,-218,990,-25,-44,0
46298020,-318,-231,965,-25,-44,-90
46298030,-325,-261,944,40,-12,0
46298040,-330,-270,936,106,-28,-90
46298050,-321,-266,939,156,-12,-45
46298060,-316,-257,944,205,-12,-90
46298070,-309,-242,948,222,-12,-90
46298080,-301,-216,957,222,-12,-90
46298090,-298,-207,954,205,-12,-45
46298100,-298,-191,959,156,-12,-45
46298110,-304,-179,956,106,-28,-45
46298120,-301,-177,959,90,-12,0
46298130,-291,-171,959,57,-28,-45
46298140,-280,-174,969,57,-44,-45
46298150,-271,-164,978,40,-61,-45
46298160,-249,-146,981,57,-61,45
46298170,-235,-128,980,40,-61,-45
46298180,-232,-110,984,40,-77,0
46298190,-228,-96,977,57,-77,-90
46298200,-211,-87,980,57,-77,-90
46298210,-204,-69,984,73,-61,-135
46298220,-195,-68,984,57,-77,-181
46298230,-181,-66,981,90,-77,-271
46298240,-168,-62,977,106,-61,-271
46298250,-163,-59,975,139,-77,-407
46298260,-153,-45,977,156,-77,-362
46298270,-150,-39,975,172,-93,-407
46298280,-145,-35,972,189,-93,-497
46298290,-133,-27,975,222,-77,-543
46298300,-124,-30,975,222,-110,-588
46298310,-108,-26,972,238,-126,-678
46298320,-102,-21,968,254,-126,-724
46298330,-103,-14,962,287,-142,-724
46298340,-85,10,965,320,-175,-769
46298350,-76,39,968,370,-208,-859
46298360,-67,66,978,419,-240,-905
46298370,-52,93,998,469,-256,-950
46298380,-40,127,1005,485,-273,-1040
46298390,-33,163,1004,518,-305,-1131
46298400,-30,196,1005,535,-322,-1221
46298410,-16,232,999,535,-354,-1312
46298420,-1,255,1016,551,-371,-1448
46298430,29,264,1034,551,-403,-1538
46298440,59,271,1064,568,-420,-1674
46298450,86,253,1082,584,-436,-1764
46298460,117,241,1107,584,-452,-1855
46298470,149,231,1139,584,-452,-1991
46298480,171,244,1140,568,-452,-2036
46298490,182,249,1136,518,-468,-2126
46298500,191,219,1119,485,-468,-2217
46298510,216,193,1142,452,-468,-2308
46298520,266,84,1185,452,-468,-2353
46298530,321,10,1196,469,-468,-2443
46298540,336,6,1172,485,-452,-2534
46298550,324,16,1134,502,-452,-2579
46298560,297,33,1094,485,-452,-2534
46298570,288,19,1106,469,-468,-2579
46298580,338,-98,1149,502,-468,-2670
46298590,405,-168,1134,485,-485,-2670
46298600,458,-174,1130,535,-485,-2670
46298610,486,-183,1124,551,-501,-2715
46298620,506,-164,1095,518,-501,-2670
46298630,497,-167,1049,436,-501,-2624
46298640,483,-191,1014,304,-517,-2579
46298650,476,-210,971,189,-550,-2579
46298660,489,-252,1016,106,-566,-2534
46298670,555,-345,1056,73,-566,-2534
46298680,587,-383,1040,7,-566,-2443
46298690,576,-408,1011,7,-550,-2398
46298700,549,-417,968,-25,-550,-2308
46298710,525,-417,965,-90,-550,-2217
46298720,521,-408,971,-222,-550,-2036
46298730,503,-384,947,-371,-517,-1945
46298740,474,-401,897,-535,-501,-1855
46298750,459,-443,881,-667,-485,-1764
46298760,482,-518,854,-749,-468,-1719
46298770,476,-594,795,-799,-468,-1674
46298780,459,-638,771,-733,-485,-1629
46298790,462,-638,770,-667,-485,-1493
46298800,455,-647,804,-618,-485,-1402
46298810,473,-695,854,-618,-485,-1267
46298820,474,-734,879,-634,-468,-1131
46298830,470,-753,900,-651,-436,-995
46298840,464,-776,881,-717,-403,-859
46298850,443,-777,825,-766,-338,-678
46298860,420,-900,789,-766,-305,-497
46298870,428,-1017,783,-717,-273,-316
46298880,419,-1076,738,-634,-191,-90
46298890,410,-1125,701,-519,-142,135
46298900,440,-1175,681,-436,-110,316
46298910,476,-1256,633,-354,-44,633
46298920,506,-1334,597,-321,-12,859
46298930,521,-1334,522,-288,36,1176
46298940,569,-1445,470,-156,52,1402
46298950,668,-1637,446,57,85,1764
46298960,842,-1845,482,304,118,2172
46298970,1118,-2050,542,502,199,2579
46298980,1454,-2050,528,617,264,3213
46298990,1790,-2050,548,815,330,3846
46299000,2020,-2050,555,1062,362,4027
46299010,2020,-2050,590,1424,411,3982
46299020,2020,-2050,521,1688,444,3982
46299030,2020,-1917,444,1787,477,4027
46299040,2020,-1469,611,1671,509,4027
46299050,2020,-896,698,1391,525,3982
46299060,2020,-395,741,1128,558,3982
46299070,1833,253,977,782,574,3982
46299080,1749,880,1005,452,542,4027
46299090,1689,1395,959,156,525,4027
46299100,1563,1687,1028,-206,525,4027
46299110,1382,1833,1115,-618,477,4027
46299120,1157,1837,1179,-881,411,3982
46299130,933,1680,1209,-1030,281,3891
46299140,803,1453,1194,-1030,199,3575
46299150,714,1293,1133,-914,118,3167
46299160,608,1158,1134,-733,69,2851
46299170,483,981,1146,-552,52,2534
46299180,377,835,1116,-387,69,2217
46299190,383,724,1091,-255,20,1900
46299200,512,591,1059,-189,-44,1674
46299210,584,460,1062,-107,-61,1448
46299220,579,376,1083,24,-44,1176
46299230,537,348,1104,90,-28,995
46299240,483,328,1125,123,20,769
46299250,419,316,1118,90,69,633
46299260,350,268,1110,7,69,588
46299270,300,214,1098,7,101,407
46299280,245,163,1080,-8,85,316
46299290,182,117,1071,24,85,316
46299300,99,96,1077,90,69,226
46299310,30,66,1082,205,52,226
46299320,-22,58,1085,271,4,135
46299330,-45,67,1089,353,4,135
46299340,-54,42,1091,353,-28,45
46299350,-58,19,1070,353,4,45
46299360,-70,-20,1043,287,-12,0
46299370,-102,-57,1010,287,20,0
46299380,-145,-102,974,254,-12,-90
46299390,-183,-138,965,337,-12,-45
46299400,-195,-173,972,370,-77,-90
46299410,-189,-164,995,469,-61,-90
46299420,-184,-144,1023,452,-110,-135
46299430,-193,-137,1046,436,-93,-90
46299440,-195,-137,1059,370,-93,-45
46299450,-193,-150,1070,254,-93,-45
46299460,-193,-189,1061,139,-77,-45
46299470,-198,-234,1046,90,-44,45
46299480,-204,-258,1019,7,-61,0
46299490,-216,-290,993,24,-12,90
46299500,-235,-308,977,24,-12,90
46299510,-241,-329,963,57,4,135
46299520,-246,-338,963,73,20,135
46299530,-265,-341,939,106,36,226
46299540,-261,-357,930,106,20,226
46299550,-261,-324,926,106,36,316
46299560,-274,-308,920,57,20,316
46299570,-288,-324,906,7,20,452
46299580,-286,-336,894,-25,-12,452
46299590,-286,-342,887,-58,-28,543
46299600,-294,-359,878,-74,-61,543
46299610,-295,-339,878,-90,-77,678
46299620,-295,-324,894,-107,-110,678
46299630,-288,-329,905,-123,-142,814
46299640,-276,-350,914,-140,-175,814
46299650,-276,-326,914,-156,-208,905
46299660,-283,-299,909,-173,-240,950
46299670,-288,-291,900,-173,-256,995
46299680,-286,-294,888,-189,-289,1040
46299690,-285,-308,876,-206,-305,1086
46299700,-265,-320,872,-222,-354,1086
46299710,-249,-300,902,-222,-371,1131
46299720,-225,-278,926,-222,-403,1176
46299730,-231,-282,926,-206,-403,1176
46299740,-241,-291,923,-222,-420,1221
46299750,-246,-285,909,-239,-436,1267
46299760,-247,-275,888,-272,-468,1267
46299770,-250,-288,879,-305,-501,1312
46299780,-238,-287,872,-354,-534,1357
46299790,-246,-306,854,-371,-550,1402
46299800,-249,-299,893,-420,-599,1448
46299810,-225,-243,924,-436,-615,1448
46299820,-243,-233,930,-486,-632,1448
46299830,-261,-254,930,-552,-648,1493
46299840,-262,-276,905,-585,-664,1448
46299850,-243,-299,893,-601,-697,1448
46299860,-214,-306,906,-568,-713,1448
46299870,-183,-291,927,-502,-729,1402
46299880,-177,-260,942,-469,-746,1448
46299890,-171,-237,935,-436,-746,1448
46299900,-180,-233,909,-404,-762,1402
46299910,-166,-225,900,-371,-762,1312
46299920,-147,-204,909,-354,-795,1312
46299930,-117,-165,935,-354,-811,1267
46299940,-85,-138,972,-338,-811,1221
46299950,-49,-146,1017,-272,-795,1176
46299960,-12,-186,1034,-222,-795,1086
46299970,9,-171,1040,-140,-762,995
46299980,12,-147,1035,-58,-746,905
46299990,33,-122,1025,-8,-746,814
46300000,65,-54,1023,24,-729,769
46300010,108,-6,1050,24,-729,633
46300020,161,-45,1064,40,-697,588
46300030,201,-96,1083,24,-664,588
46300040,233,-177,1092,40,-632,497
46300050,260,-215,1095,57,-583,452
46300060,287,-204,1095,73,-550,407
46300070,302,-164,1118,57,-534,407
46300080,302,-116,1136,-8,-485,362
46300090,290,-74,1133,-90,-452,271
46300100,282,-93,1133,-189,-420,316
46300110,308,-228,1122,-206,-387,271
46300120,344,-317,1109,-156,-338,181
46300130,354,-335,1089,-58,-305,181
46300140,339,-302,1065,40,-289,135
46300150,308,-245,1038,106,-273,135
46300160,270,-189,989,123,-256,135
46300170,348,-96,1113,57,-224,181
46300180,359,-2,1017,-123,-191,135
46300190,248,-108,1103,-305,-142,135
46300200,248,-245,1083,-354,-142,135
46300210,281,-359,1080,-288,-126,135
46300220,276,-399,1092,-173,-77,90
46300230,296,-351,1077,-140,-61,135
46300240,326,-336,1050,-140,-44,90
46300250,290,-353,1055,-156,-12,90
46300260,197,-381,1089,-173,4,90
46300270,204,-312,1068,-173,20,0
46300280,212,-249,1010,-222,36,0
46300290,234,-327,930,-255,20,0
46300300,186,-333,858,-222,36,0
46300310,197,-344,816,-156,4,45
46300320,180,-393,785,-74,-28,135
46300330,203,-338,833,24,-28,135
46300340,200,-255,896,24,-44,181
46300350,183,-260,908,-8,-28,181
46300360,173,-294,929,-41,-44,226
46300370,162,-308,923,-58,-44,181
46300380,150,-365,897,-74,-77,181
46300390,147,-425,926,-8,-61,181
46300400,177,-377,971,7,-77,181
46300410,140,-383,984,40,-61,271
46300420,131,-416,972,-8,-77,271
46300430,111,-435,906,-25,-77,316
46300440,135,-428,827,-41,-110,271
46300450,149,-435,776,40,-110,271
46300460,171,-462,807,139,-142,226
46300470,158,-416,810,205,-126,271
46300480,152,-392,837,238,-142,271
46300490,218,-395,861,205,-110,316
46300500,141,-236,858,139,-126,271
46300510,168,-249,875,156,-126,271
46300520,242,-137,893,90,-93,181
46300530,176,9,864,-107,-61,135
46300540,191,-29,831,-338,-44,90
46300550,170,-102,797,-535,-28,135
46300560,149,-114,758,-684,-12,45
46300570,141,-171,717,-865,4,45
46300580,128,-240,693,-1063,20,90
46300590,95,-324,696,-1227,20,45
46300600,60,-362,761,-1392,69,135
46300610,45,-383,809,-1557,101,90
46300620,12,-461,819,-1705,150,135
46300630,-3,-516,785,-1804,183,135
46300640,-22,-552,747,-1903,232,135
46300650,-42,-602,660,-2002,248,135
46300660,-72,-719,593,-2051,248,181
46300670,-106,-756,582,-2051,232,181
46300680,-96,-776,608,-2035,232,181
46300690,-88,-887,584,-2051,216,226
46300700,-153,-1034,558,-1689,134,181
46300710,-108,-1073,582,-1458,118,226
46300720,-142,-959,539,-1310,69,181
46300730,-129,-983,558,-1178,36,226
46300740,-154,-1020,575,-997,20,181
46300750,-135,-917,587,-782,-77,135
46300760,-97,-854,620,-568,-93,135
46300770,-79,-861,636,-502,-110,90
46300780,-57,-881,653,-519,-93,226
46300790,-52,-876,653,-552,-93,181
46300800,-46,-885,630,-601,-110,226
46300810,-37,-857,593,-601,-110,181
46300820,-43,-824,570,-519,-126,181
46300830,-34,-915,579,-338,-142,90
46300840,-27,-1035,600,-189,-191,45
46300850,-12,-1046,593,24,-191,45
46300860,-3,-938,597,205,-224,-45
46300870,-3,-891,600,386,-240,-45
46300880,14,-849,608,452,-256,-90
46300890,26,-867,627,485,-256,-45
46300900,50,-866,630,452,-256,-45
46300910,68,-846,633,353,-240,45
46300920,62,-834,630,254,-224,45
46300930,62,-830,635,205,-208,45
46300940,62,-884,651,222,-191,45
46300950,71,-918,650,254,-175,45
46300960,74,-875,651,287,-159,90
46300970,81,-821,653,304,-142,45
46300980,86,-791,648,254,-126,45
46300990,80,-791,621,172,-110,45
46301000,57,-800,573,106,-110,90
46301010,39,-825,555,90,-93,45
46301020,32,-836,554,90,-126,45
46301030,33,-839,555,156,-110,45
46301040,41,-851,563,205,-126,45
46301050,53,-854,567,254,-142,0
46301060,48,-843,588,304,-159,0
46301070,57,-815,593,320,-142,45
46301080,56,-798,594,287,-126,45
46301090,54,-833,599,238,-126,45
46301100,39,-851,600,189,-110,90
46301110,26,-834,602,189,-93,45
46301120,23,-792,597,189,-77,45
46301130,27,-786,588,139,-77,45
46301140,12,-798,579,123,-61,45
46301150,23,-806,570,123,-77,45
46301160,23,-795,570,123,-61,135
46301170,26,-782,566,123,-61,45
46301180,26,-768,575,106,-61,45
46301190,36,-771,594,57,-61,45
46301200,33,-791,578,-8,-77,135
46301210,44,-830,593,24,-61,90
46301220,39,-822,587,57,-61,90
46301230,45,-831,593,73,-61,90
46301240,41,-837,584,90,-93,0
46301250,41,-846,587,156,-77,90
46301260,38,-845,591,205,-110,-45
46301270,33,-855,591,271,-110,45
46301280,41,-858,597,337,-126,0
46301290,39,-831,581,370,-142,0
46301300,48,-822,597,386,-159,-45
46301310,62,-837,603,386,-159,0
46301320,63,-806,620,403,-126,45
46301330,57,-746,627,370,-126,0
46301340,66,-716,645,337,-110,45
46301350,72,-702,648,287,-93,45
46301360,77,-674,659,205,-61,0
46301370,75,-657,648,90,-44,90
46301380,66,-675,636,-25,-28,90
46301390,78,-693,627,-156,4,90
46301400,69,-707,614,-222,4,90
46301410,59,-719,612,-288,4,90
46301420,65,-732,621,-321,20,90
46301430,62,-756,629,-338,36,45
46301440,53,-776,632,-371,52,45
46301450,63,-788,623,-387,69,45
46301460,57,-830,609,-404,69,90
46301470,47,-872,585,-371,69,90
46301480,32,-888,569,-305,69,90
46301490,30,-879,555,-239,52,45
46301500,30,-864,543,-189,36,45
46301510,23,-858,531,-140,20,45
46301520,17,-870,524,-74,-12,45
46301530,12,-876,521,7,-28,45
46301540,18,-861,521,73,-44,45
46301550,17,-842,522,123,-44,0
46301560,15,-834,525,172,-61,45
46301570,14,-846,534,222,-77,45
46301580,23,-840,543,254,-77,45
46301590,23,-825,558,271,-77,0
46301600,26,-825,566,254,-77,45
46301610,24,-827,573,254,-77,45
46301620,21,-821,576,254,-77,45
46301630,26,-819,573,254,-61,45
46301640,27,-807,581,238,-61,45
46301650,26,-785,576,205,-61,45
46301660,20,-782,581,172,-61,45
46301670,27,-806,584,156,-44,45
46301680,29,-818,584,156,-44,0
46301690,35,-810,587,172,-44,0
46301700,32,-800,582,156,-44,0
46301710,38,-792,584,139,-44,45
46301720,41,-791,585,123,-44,0
46301730,47,-798,587,106,-28,90
46301740,50,-794,587,90,-28,45
46301750,42,-801,588,90,-28,90
46301760,50,-800,591,106,-28,90
46301770,59,-797,593,106,-44,45
46301780,62,-798,594,106,-44,135
46301790,65,-801,588,106,-44,45
46301800,62,-795,590,106,-44,45
46301810,51,-801,591,106,-44,45
46301820,51,-807,597,106,-44,45
46301830,41,-809,597,123,-44,45
46301840,47,-798,591,106,-44,45
46301850,47,-803,594,90,-44,45
46301860,50,-801,603,90,-44,45
46301870,51,-809,603,90,-28,45
46301880,51,-809,605,73,-44,45
46301890,48,-807,605,90,-44,90
46301900,45,-797,593,73,-44,45
46301910,47,-791,591,90,-44,45
46301920,45,-798,584,73,-44,45
46301930,48,-804,591,73,-28,45
46301940,41,-815,584,57,-61,90
46301950,42,-810,581,90,-44,45
46301960,39,-807,585,106,-44,45
46301970,44,-795,587,123,-44,0
46301980,41,-803,587,123,-61,45
46301990,45,-821,584,156,-61,0
46302000,42,-827,579,189,-77,0
46302010,44,-825,576,254,-77,0
46302020,44,-809,582,287,-93,0
46302030,48,-810,581,337,-77,45
46302040,53,-801,593,337,-110,-45
46302050,59,-800,614,320,-93,45
46302060,63,-809,624,320,-93,45
46302070,63,-782,633,320,-93,45
46302080,63,-755,642,320,-77,0
46302090,69,-756,645,287,-77,0
46302100,72,-756,639,271,-61,0
46302110,78,-728,642,222,-61,45
46302120,74,-716,633,156,-28,90
46302130,75,-717,633,73,-12,45
46302140,66,-720,638,7,-12,45
46302150,59,-738,638,-58,-12,90
